2015 01 01 03 38
2015 01 01 19 51
2015 01 01 23 51
2015 01 02 00 26
2015 01 02 08 14
2015 01 03 02 58
2015 01 03 04 25
2015 01 03 11 16
2015 01 03 12 32
2015 01 03 17 39
2015 01 04 06 25
2015 01 05 23 02
2015 01 06 20 38
2015 01 08 18 01
2015 01 08 23 53
2015 01 09 02 13
2015 01 09 06 23
2015 01 09 11 52
2015 01 09 22 27
2015 01 10 10 04
2015 01 11 05 19
2015 01 11 05 34
2015 01 11 11 01
2015 01 11 12 30
2015 01 11 15 39
2015 01 12 01 19
2015 01 12 10 54
2015 01 13 07 03
2015 01 13 08 57
2015 01 14 03 00
2015 01 14 18 33
2015 01 15 10 39
2015 01 15 13 24
2015 01 15 19 21
2015 01 16 02 11
2015 01 17 04 02
2015 01 17 17 38
2015 01 17 20 39
2015 01 18 08 19
2015 01 20 06 51
2015 01 21 01 40
2015 01 21 08 37
2015 01 21 09 28
2015 01 21 16 09
2015 01 21 16 20
2015 01 22 03 07
2015 01 22 07 17
2015 01 22 19 41
2015 01 22 21 20
2015 01 22 22 30
2015 01 23 04 45
2015 01 23 08 11
2015 01 23 10 01
2015 01 23 15 17
2015 01 23 19 59
2015 01 23 20 50
2015 01 23 21 01
2015 01 24 01 23
2015 01 24 08 53
2015 01 25 01 31
2015 01 26 02 47
2015 01 26 08 56
2015 01 26 09 52
2015 01 26 16 58
2015 01 26 17 55
2015 01 26 19 43
2015 01 26 21 58
2015 01 27 00 24
2015 01 27 04 28
2015 01 27 10 14
2015 01 27 16 10
2015 01 27 22 28
2015 01 27 22 47
2015 01 27 23 38
2015 01 28 03 49
2015 01 28 16 43
2015 01 28 20 06
2015 02 01 00 16
2015 02 01 03 19
2015 02 01 04 12
2015 02 01 21 07
2015 02 02 05 16
2015 02 02 08 16
2015 02 02 23 27
2015 02 03 00 21
2015 02 03 05 40
2015 02 03 11 06
2015 02 04 05 05
2015 02 04 09 21
2015 02 04 12 02
2015 02 05 05 02
2015 02 06 02 46
2015 02 06 04 13
2015 02 06 11 54
2015 02 06 20 22
2015 02 07 04 05
2015 02 07 04 33
2015 02 08 19 29
2015 02 09 17 34
2015 02 10 09 54
2015 02 11 01 13
2015 02 11 09 17
2015 02 11 21 54
2015 02 12 13 56
2015 02 12 15 05
2015 02 12 23 06
2015 02 13 13 08
2015 02 13 16 21
2015 02 13 22 36
2015 02 13 23 13
2015 02 14 10 09
2015 02 14 21 11
2015 02 15 05 25
2015 02 15 06 02
2015 02 15 11 24
2015 02 15 13 53
2015 02 15 17 14
2015 02 16 01 18
2015 02 16 02 56
2015 02 16 07 14
2015 02 16 15 07
2015 02 16 17 25
2015 02 16 20 36
2015 02 17 10 35
2015 02 17 11 44
2015 02 17 17 43
2015 02 18 07 17
2015 02 18 11 12
2015 02 18 16 32
2015 02 18 20 02
2015 02 18 23 55
2015 02 19 01 35
2015 02 19 05 19
2015 02 19 23 33
2015 02 20 03 12
2015 02 20 07 27
2015 02 20 09 42
2015 02 20 16 14
2015 02 21 12 07
2015 02 21 13 16
2015 02 21 23 16
2015 02 22 05 23
2015 02 22 14 06
2015 02 22 18 39
2015 02 22 21 52
2015 02 23 17 28
2015 02 23 19 06
2015 02 23 22 12
2015 02 23 23 49
2015 02 24 13 27
2015 02 25 19 25
2015 02 25 21 40
2015 02 25 21 56
2015 02 26 21 25
2015 02 27 02 15
2015 02 27 13 20
2015 02 27 15 01
2015 02 28 03 06
2015 02 28 05 55
2015 02 28 08 02
2015 02 28 09 48
2015 02 28 10 30
2015 03 01 12 45
2015 03 01 16 43
2015 03 02 02 26
2015 03 02 04 47
2015 03 02 06 05
2015 03 02 06 34
2015 03 02 11 44
2015 03 02 12 07
2015 03 02 19 18
2015 03 03 04 54
2015 03 03 15 37
2015 03 04 23 56
2015 03 05 01 24
2015 03 05 03 59
2015 03 05 10 29
2015 03 05 16 29
2015 03 06 12 04
2015 03 07 01 11
2015 03 07 04 51
2015 03 07 12 40
2015 03 08 00 31
2015 03 08 03 04
2015 03 08 06 58
2015 03 08 07 10
2015 03 08 07 24
2015 03 08 09 04
2015 03 08 09 21
2015 03 08 16 31
2015 03 09 08 12
2015 03 09 13 17
2015 03 10 02 07
2015 03 10 02 58
2015 03 10 05 52
2015 03 10 14 57
2015 03 10 17 49
2015 03 10 17 57
2015 03 10 20 59
2015 03 10 21 15
2015 03 12 03 07
2015 03 13 10 51
2015 03 13 21 05
2015 03 14 20 16
2015 03 14 21 05
2015 03 15 08 00
2015 03 16 03 40
2015 03 16 05 54
2015 03 16 13 13
2015 03 16 21 50
2015 03 17 00 10
2015 03 17 14 18
2015 03 17 16 04
2015 03 17 17 19
2015 03 18 06 57
2015 03 18 18 56
2015 03 18 19 04
2015 03 19 01 11
2015 03 19 04 55
2015 03 19 05 17
2015 03 19 12 35
2015 03 19 15 30
2015 03 19 17 45
2015 03 20 05 22
2015 03 20 10 41
2015 03 20 15 12
2015 03 20 23 22
2015 03 21 01 01
2015 03 21 03 05
2015 03 21 07 58
2015 03 21 17 06
2015 03 21 17 31
2015 03 22 01 48
2015 03 22 15 00
2015 03 22 17 21
2015 03 22 22 24
2015 03 23 04 06
2015 03 23 12 16
2015 03 23 14 41
2015 03 23 15 30
2015 03 23 19 08
2015 03 23 21 12
2015 03 24 03 50
2015 03 24 05 53
2015 03 24 14 52
2015 03 24 18 21
2015 03 25 00 27
2015 03 25 02 01
2015 03 25 10 48
2015 03 25 16 00
2015 03 25 20 00
2015 03 25 22 32
2015 03 26 06 55
2015 03 26 14 02
2015 03 26 14 30
2015 03 27 00 54
2015 03 27 01 10
2015 03 27 02 01
2015 03 27 03 17
2015 03 27 13 45
2015 03 27 23 03
2015 03 28 02 43
2015 03 28 09 00
2015 03 28 11 44
2015 03 28 12 52
2015 03 28 23 55
2015 04 01 00 42
2015 04 01 14 24
2015 04 01 17 22
2015 04 02 20 06
2015 04 02 20 35
2015 04 02 20 43
2015 04 03 11 03
2015 04 03 13 02
2015 04 04 02 07
2015 04 04 05 50
2015 04 04 06 23
2015 04 04 08 31
2015 04 04 23 40
2015 04 05 21 11
2015 04 06 19 17
2015 04 06 23 01
2015 04 07 01 23
2015 04 07 17 05
2015 04 08 10 21
2015 04 08 11 39
2015 04 08 23 48
2015 04 09 19 15
2015 04 09 21 03
2015 04 09 22 36
2015 04 10 05 56
2015 04 10 10 02
2015 04 11 03 49
2015 04 11 11 09
2015 04 12 11 35
2015 04 12 21 53
2015 04 12 23 57
2015 04 14 14 11
2015 04 14 23 11
2015 04 16 02 58
2015 04 16 10 28
2015 04 17 07 30
2015 04 17 08 41
2015 04 17 18 40
2015 04 18 10 58
2015 04 18 13 25
2015 04 18 13 45
2015 04 18 21 51
2015 04 19 04 48
2015 04 19 11 01
2015 04 19 15 17
2015 04 20 00 27
2015 04 20 05 03
2015 04 20 10 21
2015 04 20 13 19
2015 04 21 05 09
2015 04 21 06 24
2015 04 21 12 29
2015 04 21 17 24
2015 04 22 10 52
2015 04 23 12 02
2015 04 23 19 15
2015 04 24 12 14
2015 04 24 12 30
2015 04 24 19 07
2015 04 25 03 49
2015 04 25 05 20
2015 04 25 11 14
2015 04 25 20 54
2015 04 26 03 15
2015 04 26 10 51
2015 04 26 18 54
2015 04 26 22 31
2015 04 27 02 20
2015 04 27 08 47
2015 04 27 10 36
2015 04 27 12 35
2015 04 27 13 11
2015 04 27 18 16
2015 04 27 23 20
2015 04 28 10 20
2015 05 01 15 42
2015 05 02 07 36
2015 05 02 16 00
2015 05 02 18 10
2015 05 02 20 14
2015 05 03 04 30
2015 05 04 04 38
2015 05 04 08 38
2015 05 04 23 22
2015 05 05 00 58
2015 05 05 10 51
2015 05 05 12 29
2015 05 05 16 58
2015 05 06 14 47
2015 05 06 15 50
2015 05 06 21 56
2015 05 06 23 23
2015 05 07 11 24
2015 05 08 08 21
2015 05 08 12 16
2015 05 09 00 20
2015 05 10 22 23
2015 05 11 03 25
2015 05 12 11 36
2015 05 13 11 33
2015 05 13 23 16
2015 05 13 23 17
2015 05 13 23 19
2015 05 14 08 38
2015 05 15 03 04
2015 05 15 10 44
2015 05 15 15 24
2015 05 15 22 54
2015 05 16 04 57
2015 05 16 09 38
2015 05 17 22 31
2015 05 18 07 04
2015 05 18 18 22
2015 05 19 00 51
2015 05 19 03 25
2015 05 19 23 01
2015 05 20 03 24
2015 05 21 03 51
2015 05 21 10 56
2015 05 22 00 13
2015 05 23 22 05
2015 05 24 13 35
2015 05 24 20 05
2015 05 25 01 45
2015 05 25 06 56
2015 05 25 07 22
2015 05 25 19 36
2015 05 25 19 40
2015 05 25 20 33
2015 05 26 03 17
2015 05 26 03 41
2015 05 26 14 08
2015 05 26 18 41
2015 05 27 00 13
2015 05 27 01 27
2015 05 27 02 50
2015 05 27 04 58
2015 05 27 09 16
2015 05 27 22 55
2015 05 28 07 12
2015 06 01 13 12
2015 06 01 18 11
2015 06 02 18 32
2015 06 03 04 12
2015 06 03 06 52
2015 06 04 01 28
2015 06 04 07 06
2015 06 04 16 54
2015 06 04 21 49
2015 06 04 22 20
2015 06 05 00 12
2015 06 05 00 59
2015 06 06 09 03
2015 06 06 22 00
2015 06 07 01 09
2015 06 07 02 15
2015 06 07 16 18
2015 06 08 04 34
2015 06 08 15 44
2015 06 09 02 01
2015 06 09 21 16
2015 06 09 22 55
2015 06 09 23 03
2015 06 09 23 49
2015 06 10 08 42
2015 06 10 09 32
2015 06 10 14 35
2015 06 11 21 46
2015 06 12 00 18
2015 06 12 04 50
2015 06 12 06 59
2015 06 12 08 59
2015 06 12 18 57
2015 06 12 20 46
2015 06 12 23 47
2015 06 13 02 39
2015 06 13 20 26
2015 06 14 03 49
2015 06 14 05 22
2015 06 14 05 41
2015 06 14 11 09
2015 06 14 11 51
2015 06 14 12 52
2015 06 14 16 43
2015 06 15 05 53
2015 06 15 06 15
2015 06 15 07 36
2015 06 15 17 44
2015 06 16 07 22
2015 06 16 07 54
2015 06 16 09 15
2015 06 16 13 37
2015 06 17 12 40
2015 06 17 21 34
2015 06 18 06 36
2015 06 18 15 20
2015 06 18 17 37
2015 06 18 23 32
2015 06 20 22 33
2015 06 21 12 49
2015 06 22 12 45
2015 06 22 13 33
2015 06 23 13 18
2015 06 23 21 54
2015 06 24 06 24
2015 06 24 17 42
2015 06 24 19 00
2015 06 24 23 36
2015 06 25 09 18
2015 06 26 01 04
2015 06 26 07 59
2015 06 26 13 55
2015 06 27 06 29
2015 06 27 07 36
2015 06 27 16 25
2015 06 28 04 11
2015 06 28 05 05
2015 06 28 05 48
2015 06 28 06 25
2015 07 01 00 38
2015 07 01 11 27
2015 07 02 02 07
2015 07 02 03 25
2015 07 02 04 59
2015 07 02 14 36
2015 07 02 18 33
2015 07 02 21 37
2015 07 03 01 25
2015 07 03 01 58
2015 07 03 07 01
2015 07 04 06 58
2015 07 04 12 56
2015 07 04 14 11
2015 07 05 14 39
2015 07 05 19 48
2015 07 06 15 04
2015 07 06 15 29
2015 07 06 16 50
2015 07 06 20 49
2015 07 07 10 18
2015 07 08 09 09
2015 07 08 09 33
2015 07 08 23 51
2015 07 09 11 32
2015 07 09 17 51
2015 07 10 03 33
2015 07 10 09 28
2015 07 10 10 19
2015 07 10 18 38
2015 07 10 19 59
2015 07 11 19 26
2015 07 11 22 16
2015 07 13 04 53
2015 07 13 05 45
2015 07 13 05 45
2015 07 13 07 53
2015 07 13 23 16
2015 07 14 20 40
2015 07 14 23 21
2015 07 15 00 58
2015 07 16 15 42
2015 07 17 11 27
2015 07 17 12 37
2015 07 18 03 37
2015 07 18 08 12
2015 07 18 17 52
2015 07 18 20 09
2015 07 19 05 37
2015 07 19 08 21
2015 07 19 09 49
2015 07 19 16 58
2015 07 20 02 43
2015 07 20 04 54
2015 07 20 09 13
2015 07 20 11 20
2015 07 20 14 00
2015 07 20 21 03
2015 07 21 03 35
2015 07 21 04 50
2015 07 21 10 48
2015 07 22 20 43
2015 07 23 04 11
2015 07 23 10 30
2015 07 23 12 26
2015 07 24 15 38
2015 07 25 00 45
2015 07 25 02 18
2015 07 25 03 58
2015 07 25 10 29
2015 07 25 16 05
2015 07 26 01 24
2015 07 26 23 09
2015 07 28 18 06
2015 08 01 00 16
2015 08 01 11 32
2015 08 01 15 58
2015 08 01 21 02
2015 08 01 22 02
2015 08 02 04 36
2015 08 02 09 16
2015 08 02 09 29
2015 08 02 10 06
2015 08 02 14 49
2015 08 03 18 20
2015 08 04 06 04
2015 08 04 09 20
2015 08 04 12 12
2015 08 04 20 37
2015 08 05 07 17
2015 08 05 07 24
2015 08 05 19 09
2015 08 05 21 25
2015 08 05 23 12
2015 08 06 00 55
2015 08 06 16 41
2015 08 06 17 33
2015 08 07 03 45
2015 08 08 03 17
2015 08 08 03 45
2015 08 08 10 06
2015 08 09 05 36
2015 08 09 22 13
2015 08 10 07 29
2015 08 11 03 00
2015 08 11 15 52
2015 08 12 02 39
2015 08 12 08 34
2015 08 12 11 38
2015 08 12 13 51
2015 08 13 18 42
2015 08 14 02 43
2015 08 15 04 31
2015 08 15 05 55
2015 08 16 09 18
2015 08 16 11 21
2015 08 16 15 01
2015 08 16 16 34
2015 08 16 21 48
2015 08 17 03 05
2015 08 17 03 33
2015 08 17 07 24
2015 08 17 08 58
2015 08 17 16 31
2015 08 17 19 56
2015 08 18 05 18
2015 08 18 09 13
2015 08 18 16 19
2015 08 19 02 50
2015 08 19 17 42
2015 08 19 20 19
2015 08 19 20 47
2015 08 20 01 31
2015 08 20 05 48
2015 08 20 10 40
2015 08 20 15 06
2015 08 21 01 57
2015 08 21 07 13
2015 08 22 21 11
2015 08 23 01 45
2015 08 23 18 54
2015 08 24 02 04
2015 08 24 13 00
2015 08 24 21 17
2015 08 24 23 42
2015 08 25 05 22
2015 08 26 11 14
2015 08 26 18 23
2015 08 26 23 05
2015 08 27 02 05
2015 08 27 14 04
2015 08 27 14 30
2015 08 27 23 19
2015 08 28 01 34
2015 08 28 22 27
2015 08 28 22 43
2015 09 01 07 32
2015 09 01 11 45
2015 09 02 10 57
2015 09 02 14 56
2015 09 02 20 49
2015 09 03 01 34
2015 09 03 02 53
2015 09 03 03 10
2015 09 04 11 43
2015 09 04 23 47
2015 09 05 00 04
2015 09 05 05 51
2015 09 05 15 53
2015 09 05 21 16
2015 09 05 23 14
2015 09 06 01 11
2015 09 06 07 10
2015 09 06 09 28
2015 09 06 09 41
2015 09 06 18 56
2015 09 07 10 07
2015 09 07 11 21
2015 09 07 18 59
2015 09 09 11 52
2015 09 09 19 37
2015 09 10 10 23
2015 09 10 14 50
2015 09 10 16 31
2015 09 10 23 34
2015 09 11 10 04
2015 09 12 02 03
2015 09 12 07 17
2015 09 12 09 54
2015 09 12 16 50
2015 09 13 02 31
2015 09 13 04 02
2015 09 13 05 06
2015 09 14 06 47
2015 09 14 11 24
2015 09 14 21 20
2015 09 15 10 54
2015 09 16 12 43
2015 09 17 14 53
2015 09 18 04 04
2015 09 18 04 39
2015 09 19 02 32
2015 09 19 12 37
2015 09 19 15 19
2015 09 19 20 34
2015 09 20 04 54
2015 09 20 08 49
2015 09 20 14 56
2015 09 20 19 30
2015 09 20 20 22
2015 09 21 08 31
2015 09 21 23 14
2015 09 22 00 23
2015 09 22 01 55
2015 09 22 03 59
2015 09 22 16 48
2015 09 22 17 10
2015 09 23 01 25
2015 09 24 06 36
2015 09 24 17 22
2015 09 24 19 29
2015 09 24 20 20
2015 09 25 03 38
2015 09 25 08 21
2015 09 26 00 40
2015 09 26 03 34
2015 09 27 21 20
2015 09 28 02 08
2015 09 28 12 22
2015 09 28 17 53
2015 10 01 05 58
2015 10 01 07 41
2015 10 01 21 50
2015 10 02 00 19
2015 10 02 02 12
2015 10 02 03 38
2015 10 02 13 52
2015 10 02 21 18
2015 10 03 10 37
2015 10 03 11 27
2015 10 03 14 14
2015 10 03 19 03
2015 10 03 23 12
2015 10 03 23 19
2015 10 04 01 18
2015 10 04 06 18
2015 10 04 06 19
2015 10 04 07 21
2015 10 05 12 13
2015 10 05 12 56
2015 10 05 15 03
2015 10 06 13 41
2015 10 06 14 32
2015 10 06 16 54
2015 10 07 02 48
2015 10 07 07 38
2015 10 08 04 46
2015 10 08 08 40
2015 10 08 09 31
2015 10 08 16 49
2015 10 09 07 30
2015 10 09 16 35
2015 10 09 19 46
2015 10 09 20 20
2015 10 09 21 15
2015 10 11 04 03
2015 10 11 16 15
2015 10 11 18 07
2015 10 12 08 26
2015 10 12 12 44
2015 10 12 22 18
2015 10 13 16 29
2015 10 13 23 17
2015 10 14 00 25
2015 10 16 02 45
2015 10 16 03 56
2015 10 16 04 12
2015 10 16 17 15
2015 10 16 17 40
2015 10 17 06 57
2015 10 17 15 09
2015 10 17 17 49
2015 10 18 00 21
2015 10 18 11 14
2015 10 20 02 24
2015 10 20 06 52
2015 10 20 11 37
2015 10 20 16 30
2015 10 20 16 55
2015 10 20 18 27
2015 10 20 19 49
2015 10 20 23 00
2015 10 21 09 27
2015 10 21 09 56
2015 10 21 15 45
2015 10 21 23 44
2015 10 22 00 41
2015 10 22 03 12
2015 10 22 15 23
2015 10 23 04 58
2015 10 24 11 59
2015 10 24 14 31
2015 10 24 20 59
2015 10 25 03 36
2015 10 25 14 20
2015 10 26 05 13
2015 10 26 14 44
2015 10 26 17 32
2015 10 27 05 41
2015 10 27 07 33
2015 10 27 10 38
2015 10 27 13 23
2015 10 27 18 09
2015 10 28 00 51
2015 11 01 03 00
2015 11 01 21 30
2015 11 01 22 44
2015 11 02 06 48
2015 11 02 11 16
2015 11 02 22 18
2015 11 02 23 45
2015 11 03 02 27
2015 11 03 06 44
2015 11 04 01 01
2015 11 04 04 35
2015 11 04 07 01
2015 11 04 14 47
2015 11 04 19 09
2015 11 04 22 45
2015 11 05 14 42
2015 11 05 20 55
2015 11 06 01 15
2015 11 06 04 22
2015 11 06 09 45
2015 11 06 10 30
2015 11 06 13 06
2015 11 06 18 17
2015 11 06 23 55
2015 11 07 00 01
2015 11 07 07 00
2015 11 07 10 20
2015 11 08 01 11
2015 11 08 04 51
2015 11 08 11 27
2015 11 08 21 05
2015 11 09 08 31
2015 11 09 18 44
2015 11 09 22 29
2015 11 10 02 14
2015 11 10 19 11
2015 11 11 11 02
2015 11 11 12 22
2015 11 12 04 08
2015 11 12 13 47
2015 11 12 23 02
2015 11 14 02 09
2015 11 14 09 49
2015 11 14 12 47
2015 11 15 00 24
2015 11 15 03 43
2015 11 15 12 56
2015 11 15 16 25
2015 11 15 16 29
2015 11 15 20 57
2015 11 16 00 25
2015 11 16 08 35
2015 11 16 08 53
2015 11 16 15 59
2015 11 16 22 35
2015 11 17 07 31
2015 11 17 10 27
2015 11 18 21 15
2015 11 19 00 21
2015 11 19 11 03
2015 11 19 16 37
2015 11 20 05 50
2015 11 20 06 19
2015 11 21 07 05
2015 11 21 08 47
2015 11 21 09 24
2015 11 21 10 41
2015 11 21 16 38
2015 11 21 19 52
2015 11 22 13 51
2015 11 23 01 57
2015 11 23 03 23
2015 11 23 05 32
2015 11 23 12 05
2015 11 23 15 19
2015 11 24 07 26
2015 11 24 10 55
2015 11 24 18 53
2015 11 25 00 34
2015 11 25 06 44
2015 11 25 11 22
2015 11 25 23 01
2015 11 26 01 29
2015 11 27 03 05
2015 11 27 09 29
2015 11 27 16 28
2015 11 27 17 00
2015 11 27 21 11
2015 11 28 03 26
2015 11 28 11 23
2015 11 28 17 05
2015 11 28 20 39
2015 12 01 15 13
2015 12 01 23 43
2015 12 03 02 59
2015 12 04 12 57
2015 12 04 19 05
2015 12 04 20 47
2015 12 04 21 22
2015 12 05 02 57
2015 12 05 04 22
2015 12 05 10 16
2015 12 05 12 00
2015 12 05 16 10
2015 12 05 19 55
2015 12 05 21 58
2015 12 06 03 09
2015 12 06 17 12
2015 12 07 04 02
2015 12 07 13 14
2015 12 08 11 35
2015 12 08 16 50
2015 12 08 19 18
2015 12 08 20 41
2015 12 09 19 13
2015 12 10 06 10
2015 12 10 12 35
2015 12 10 12 43
2015 12 10 16 50
2015 12 10 19 37
2015 12 10 20 16
2015 12 11 08 48
2015 12 11 11 09
2015 12 12 10 06
2015 12 12 13 09
2015 12 12 15 16
2015 12 13 01 45
2015 12 13 03 47
2015 12 13 17 33
2015 12 14 05 04
2015 12 14 05 46
2015 12 14 18 26
2015 12 14 19 29
2015 12 14 20 19
2015 12 15 12 05
2015 12 15 16 45
2015 12 15 16 58
2015 12 16 01 45
2015 12 16 20 00
2015 12 17 00 29
2015 12 17 06 12
2015 12 17 15 07
2015 12 17 18 27
2015 12 17 18 39
2015 12 18 00 26
2015 12 18 04 23
2015 12 18 06 20
2015 12 19 16 55
2015 12 20 06 58
2015 12 20 11 37
2015 12 20 11 58
2015 12 21 22 16
2015 12 21 23 54
2015 12 22 04 49
2015 12 22 07 25
2015 12 22 11 10
2015 12 22 12 09
2015 12 22 18 43
2015 12 22 20 05
2015 12 22 22 20
2015 12 23 02 07
2015 12 23 23 19
2015 12 24 17 56
2015 12 25 19 16
2015 12 26 07 39
2015 12 26 08 15
2015 12 26 23 07
2015 12 27 16 41
2015 12 27 16 44
2015 12 27 21 04
2015 12 28 03 31
2015 12 28 14 03
2015 12 28 20 33
2016 01 01 08 59
2016 01 01 13 52
2016 01 01 21 34
2016 01 02 01 52
2016 01 02 08 00
2016 01 02 09 17
2016 01 02 17 42
2016 01 03 03 36
2016 01 03 04 29
2016 01 03 14 34
2016 01 03 23 04
2016 01 04 02 11
2016 01 04 21 18
2016 01 05 01 18
2016 01 05 02 37
2016 01 05 10 42
2016 01 05 15 30
2016 01 05 20 09
2016 01 05 20 23
2016 01 06 00 22
2016 01 06 15 36
2016 01 06 23 49
2016 01 07 01 33
2016 01 07 06 28
2016 01 07 19 43
2016 01 07 20 56
2016 01 08 01 38
2016 01 09 06 30
2016 01 09 09 23
2016 01 10 03 58
2016 01 10 09 51
2016 01 10 19 14
2016 01 10 23 03
2016 01 11 15 02
2016 01 12 00 37
2016 01 12 01 01
2016 01 13 02 09
2016 01 13 04 08
2016 01 13 06 04
2016 01 13 18 10
2016 01 13 18 46
2016 01 14 04 00
2016 01 14 14 27
2016 01 14 15 35
2016 01 14 15 37
2016 01 14 18 29
2016 01 14 22 12
2016 01 14 22 42
2016 01 14 22 46
2016 01 15 01 26
2016 01 15 06 17
2016 01 16 22 30
2016 01 17 06 17
2016 01 17 06 46
2016 01 17 07 16
2016 01 17 16 06
2016 01 18 08 03
2016 01 18 20 25
2016 01 19 09 56
2016 01 19 13 10
2016 01 19 14 28
2016 01 19 23 03
2016 01 19 23 18
2016 01 20 02 04
2016 01 20 04 26
2016 01 20 16 23
2016 01 20 19 42
2016 01 21 07 02
2016 01 21 12 44
2016 01 21 21 09
2016 01 22 01 48
2016 01 22 17 45
2016 01 22 22 27
2016 01 23 00 29
2016 01 23 22 11
2016 01 23 22 56
2016 01 24 00 25
2016 01 24 06 57
2016 01 24 09 26
2016 01 25 03 22
2016 01 25 23 23
2016 01 26 03 24
2016 01 26 05 19
2016 01 26 07 47
2016 01 26 12 26
2016 01 26 16 20
2016 01 26 19 26
2016 01 27 04 51
2016 01 27 07 51
2016 01 27 11 36
2016 01 28 00 48
2016 01 28 01 27
2016 01 28 07 57
2016 01 28 08 37
2016 02 01 14 41
2016 02 01 14 53
2016 02 01 19 05
2016 02 02 05 18
2016 02 03 08 44
2016 02 03 13 07
2016 02 04 08 49
2016 02 04 13 13
2016 02 04 13 21
2016 02 04 16 21
2016 02 04 18 53
2016 02 04 23 05
2016 02 05 09 46
2016 02 05 16 45
2016 02 05 19 01
2016 02 06 01 36
2016 02 06 06 40
2016 02 06 16 46
2016 02 06 17 10
2016 02 06 22 13
2016 02 08 04 18
2016 02 08 14 03
2016 02 08 14 41
2016 02 09 03 58
2016 02 09 05 12
2016 02 09 13 48
2016 02 10 06 39
2016 02 10 07 00
2016 02 10 13 01
2016 02 10 18 36
2016 02 11 00 04
2016 02 11 05 05
2016 02 11 09 56
2016 02 11 14 26
2016 02 11 23 04
2016 02 12 22 08
2016 02 13 13 48
2016 02 13 17 14
2016 02 13 19 56
2016 02 14 18 25
2016 02 14 18 35
2016 02 15 10 07
2016 02 15 10 43
2016 02 15 22 37
2016 02 16 02 06
2016 02 16 04 08
2016 02 16 10 53
2016 02 16 13 04
2016 02 16 20 03
2016 02 17 08 03
2016 02 17 10 17
2016 02 17 16 10
2016 02 17 18 53
2016 02 18 02 41
2016 02 18 15 24
2016 02 19 04 02
2016 02 19 12 00
2016 02 19 14 17
2016 02 19 16 25
2016 02 20 05 21
2016 02 20 09 59
2016 02 20 10 40
2016 02 21 08 30
2016 02 21 11 50
2016 02 21 13 38
2016 02 22 20 23
2016 02 23 08 13
2016 02 23 13 00
2016 02 23 20 47
2016 02 23 23 48
2016 02 24 13 01
2016 02 24 16 34
2016 02 24 23 03
2016 02 26 00 51
2016 02 26 02 05
2016 02 26 03 16
2016 02 26 03 57
2016 02 26 10 19
2016 02 27 00 37
2016 02 28 05 03
2016 02 28 08 42
2016 02 28 13 04
2016 03 01 11 09
2016 03 01 16 32
2016 03 03 00 24
2016 03 03 02 34
2016 03 03 03 04
2016 03 03 13 43
2016 03 04 01 56
2016 03 04 09 47
2016 03 05 01 12
2016 03 05 09 12
2016 03 05 15 14
2016 03 05 20 59
2016 03 05 21 12
2016 03 05 21 34
2016 03 06 14 07
2016 03 07 05 57
2016 03 07 10 09
2016 03 07 23 56
2016 03 08 04 04
2016 03 08 15 02
2016 03 08 23 11
2016 03 09 17 21
2016 03 10 04 09
2016 03 10 15 12
2016 03 10 18 39
2016 03 11 01 41
2016 03 11 13 49
2016 03 12 00 30
2016 03 12 21 19
2016 03 13 15 39
2016 03 13 17 40
2016 03 14 00 16
2016 03 14 13 35
2016 03 14 17 04
2016 03 15 07 34
2016 03 16 11 55
2016 03 16 12 02
2016 03 16 21 17
2016 03 17 00 47
2016 03 17 02 23
2016 03 17 09 14
2016 03 18 13 17
2016 03 18 20 05
2016 03 19 16 45
2016 03 19 20 28
2016 03 19 22 33
2016 03 20 18 15
2016 03 21 08 09
2016 03 21 11 50
2016 03 22 06 49
2016 03 23 00 29
2016 03 23 01 14
2016 03 23 05 46
2016 03 23 08 04
2016 03 23 13 20
2016 03 24 09 28
2016 03 25 05 39
2016 03 26 00 34
2016 03 26 10 45
2016 03 27 05 32
2016 03 27 05 39
2016 03 27 06 20
2016 03 27 06 31
2016 03 27 20 11
2016 03 28 07 35
2016 03 28 15 42
2016 03 28 22 03
2016 04 01 09 24
2016 04 01 10 48
2016 04 02 10 52
2016 04 02 16 32
2016 04 03 07 14
2016 04 03 17 15
2016 04 04 16 01
2016 04 04 20 28
2016 04 04 22 32
2016 04 04 22 53
2016 04 05 16 25
2016 04 05 20 56
2016 04 06 14 06
2016 04 06 19 33
2016 04 07 03 12
2016 04 07 15 34
2016 04 07 20 28
2016 04 08 01 33
2016 04 09 11 44
2016 04 09 18 42
2016 04 09 23 26
2016 04 10 01 43
2016 04 10 04 15
2016 04 10 06 06
2016 04 10 09 19
2016 04 10 15 27
2016 04 10 21 58
2016 04 11 15 09
2016 04 12 11 32
2016 04 12 18 23
2016 04 13 02 05
2016 04 13 08 46
2016 04 13 10 09
2016 04 13 14 00
2016 04 14 03 23
2016 04 14 03 33
2016 04 14 09 31
2016 04 14 16 59
2016 04 14 18 03
2016 04 15 06 21
2016 04 15 10 58
2016 04 16 02 16
2016 04 16 06 16
2016 04 16 07 13
2016 04 16 07 29
2016 04 16 10 36
2016 04 16 12 39
2016 04 16 22 24
2016 04 17 10 51
2016 04 18 01 59
2016 04 18 20 09
2016 04 19 03 22
2016 04 19 06 36
2016 04 19 07 03
2016 04 20 02 57
2016 04 20 07 52
2016 04 20 10 31
2016 04 20 15 16
2016 04 21 04 23
2016 04 21 10 32
2016 04 22 11 37
2016 04 22 15 54
2016 04 22 23 16
2016 04 23 02 10
2016 04 23 07 11
2016 04 23 10 14
2016 04 23 15 14
2016 04 24 06 16
2016 04 24 14 12
2016 04 24 14 35
2016 04 25 20 09
2016 04 26 16 31
2016 04 26 19 01
2016 04 26 22 05
2016 04 27 06 18
2016 04 27 11 05
2016 04 27 21 51
2016 04 28 06 38
2016 04 28 13 19
2016 04 28 17 05
2016 05 01 01 42
2016 05 01 12 31
2016 05 01 13 36
2016 05 01 14 16
2016 05 01 16 56
2016 05 01 17 10
2016 05 02 00 01
2016 05 02 09 42
2016 05 02 10 05
2016 05 02 16 41
2016 05 03 05 04
2016 05 03 12 18
2016 05 03 19 37
2016 05 04 20 42
2016 05 05 09 42
2016 05 05 09 45
2016 05 07 01 33
2016 05 08 00 06
2016 05 08 03 30
2016 05 08 07 14
2016 05 08 13 27
2016 05 08 17 56
2016 05 09 21 15
2016 05 10 11 26
2016 05 10 22 37
2016 05 11 06 04
2016 05 11 07 34
2016 05 11 11 16
2016 05 12 04 00
2016 05 12 20 52
2016 05 13 02 01
2016 05 13 04 06
2016 05 13 04 19
2016 05 13 06 15
2016 05 13 09 59
2016 05 14 01 37
2016 05 14 02 56
2016 05 14 04 53
2016 05 14 19 43
2016 05 15 01 46
2016 05 15 02 39
2016 05 15 08 30
2016 05 15 08 51
2016 05 15 12 27
2016 05 15 18 08
2016 05 16 06 36
2016 05 16 18 39
2016 05 17 01 02
2016 05 17 08 25
2016 05 18 12 27
2016 05 18 21 41
2016 05 19 14 36
2016 05 19 18 53
2016 05 19 22 56
2016 05 20 15 59
2016 05 21 06 28
2016 05 22 00 46
2016 05 22 03 10
2016 05 22 03 52
2016 05 22 21 56
2016 05 23 03 15
2016 05 23 11 40
2016 05 23 16 23
2016 05 24 05 37
2016 05 24 15 13
2016 05 25 00 39
2016 05 25 14 04
2016 05 26 10 23
2016 05 26 12 09
2016 05 28 04 33
2016 06 01 18 56
2016 06 02 00 22
2016 06 02 02 31
2016 06 02 08 31
2016 06 02 17 58
2016 06 03 10 24
2016 06 03 10 33
2016 06 04 20 28
2016 06 05 14 15
2016 06 05 19 22
2016 06 05 20 58
2016 06 06 01 52
2016 06 06 13 31
2016 06 06 19 03
2016 06 07 06 53
2016 06 07 10 55
2016 06 07 16 46
2016 06 08 01 18
2016 06 08 15 16
2016 06 08 15 43
2016 06 09 08 44
2016 06 09 13 01
2016 06 09 21 56
2016 06 10 13 21
2016 06 10 23 30
2016 06 11 01 22
2016 06 11 01 46
2016 06 11 07 09
2016 06 11 21 01
2016 06 12 06 10
2016 06 12 07 57
2016 06 12 17 54
2016 06 13 07 16
2016 06 14 06 04
2016 06 14 22 15
2016 06 14 23 28
2016 06 15 03 43
2016 06 15 05 21
2016 06 15 06 20
2016 06 15 18 47
2016 06 15 20 20
2016 06 15 23 29
2016 06 16 07 15
2016 06 16 08 51
2016 06 17 06 23
2016 06 17 11 47
2016 06 17 14 30
2016 06 17 22 23
2016 06 18 15 17
2016 06 18 18 03
2016 06 19 03 55
2016 06 19 12 33
2016 06 20 00 00
2016 06 20 00 50
2016 06 20 02 28
2016 06 20 07 39
2016 06 20 13 17
2016 06 20 15 32
2016 06 20 23 24
2016 06 21 20 29
2016 06 22 00 29
2016 06 22 09 03
2016 06 22 10 07
2016 06 22 14 12
2016 06 22 14 33
2016 06 22 18 48
2016 06 22 20 07
2016 06 22 23 53
2016 06 23 13 41
2016 06 24 06 56
2016 06 24 09 50
2016 06 25 08 09
2016 06 25 08 12
2016 06 26 07 04
2016 06 26 09 31
2016 06 26 18 09
2016 06 26 20 47
2016 06 26 23 23
2016 06 28 06 34
2016 06 28 19 37
2016 06 28 23 40
2016 07 01 07 44
2016 07 01 08 39
2016 07 01 16 24
2016 07 02 00 48
2016 07 02 19 03
2016 07 03 09 19
2016 07 03 10 34
2016 07 03 23 24
2016 07 04 05 38
2016 07 04 11 15
2016 07 05 03 11
2016 07 05 07 42
2016 07 05 07 58
2016 07 05 08 36
2016 07 06 01 20
2016 07 06 04 47
2016 07 06 11 19
2016 07 06 14 38
2016 07 06 17 34
2016 07 06 20 11
2016 07 06 21 24
2016 07 06 21 44
2016 07 07 08 13
2016 07 07 13 46
2016 07 07 17 51
2016 07 07 21 51
2016 07 08 03 25
2016 07 08 04 37
2016 07 08 08 05
2016 07 08 08 42
2016 07 08 08 47
2016 07 08 15 12
2016 07 09 00 31
2016 07 09 01 43
2016 07 09 10 15
2016 07 09 15 04
2016 07 10 05 44
2016 07 10 07 15
2016 07 11 00 00
2016 07 11 19 10
2016 07 12 10 48
2016 07 13 11 07
2016 07 13 12 58
2016 07 13 19 38
2016 07 13 21 53
2016 07 14 03 06
2016 07 14 05 37
2016 07 14 10 11
2016 07 14 15 43
2016 07 14 18 53
2016 07 15 07 39
2016 07 16 22 58
2016 07 17 09 33
2016 07 17 15 03
2016 07 18 04 10
2016 07 18 11 29
2016 07 18 12 27
2016 07 18 17 44
2016 07 18 22 24
2016 07 18 22 31
2016 07 19 04 50
2016 07 19 08 14
2016 07 19 08 57
2016 07 19 16 39
2016 07 21 00 58
2016 07 21 05 14
2016 07 21 12 47
2016 07 21 19 10
2016 07 21 22 22
2016 07 22 20 30
2016 07 23 04 31
2016 07 23 10 48
2016 07 23 19 55
2016 07 23 23 04
2016 07 24 09 23
2016 07 24 10 59
2016 07 24 11 26
2016 07 25 17 05
2016 07 26 03 56
2016 07 26 07 31
2016 07 26 07 33
2016 07 26 09 54
2016 07 26 13 46
2016 07 26 17 33
2016 07 27 08 54
2016 07 28 05 07
2016 08 01 04 02
2016 08 01 05 10
2016 08 01 05 52
2016 08 01 07 01
2016 08 01 23 30
2016 08 02 10 24
2016 08 02 11 13
2016 08 02 15 21
2016 08 02 15 38
2016 08 03 06 47
2016 08 03 13 50
2016 08 03 14 36
2016 08 03 17 26
2016 08 04 04 09
2016 08 04 06 14
2016 08 04 07 01
2016 08 04 13 06
2016 08 05 12 12
2016 08 05 15 35
2016 08 05 19 07
2016 08 05 19 15
2016 08 07 10 47
2016 08 07 22 04
2016 08 08 01 58
2016 08 08 11 57
2016 08 09 01 23
2016 08 09 10 29
2016 08 10 02 28
2016 08 10 03 39
2016 08 11 02 58
2016 08 11 11 47
2016 08 12 05 12
2016 08 12 06 56
2016 08 12 14 39
2016 08 12 15 22
2016 08 13 02 16
2016 08 13 07 10
2016 08 13 18 22
2016 08 13 19 00
2016 08 13 20 54
2016 08 14 06 50
2016 08 14 17 39
2016 08 14 19 59
2016 08 15 03 02
2016 08 15 17 02
2016 08 16 01 44
2016 08 16 07 00
2016 08 17 03 10
2016 08 17 10 41
2016 08 17 20 06
2016 08 18 11 33
2016 08 18 11 55
2016 08 19 02 46
2016 08 19 08 22
2016 08 19 09 07
2016 08 19 16 36
2016 08 19 22 42
2016 08 20 02 29
2016 08 20 17 22
2016 08 21 14 29
2016 08 21 16 19
2016 08 21 20 02
2016 08 22 08 42
2016 08 22 23 46
2016 08 23 00 23
2016 08 23 00 27
2016 08 23 07 05
2016 08 23 08 02
2016 08 23 09 16
2016 08 23 10 45
2016 08 23 13 46
2016 08 23 17 45
2016 08 24 01 27
2016 08 24 03 47
2016 08 24 07 13
2016 08 24 15 58
2016 08 24 18 58
2016 08 25 06 28
2016 08 25 23 40
2016 08 26 00 59
2016 08 26 05 07
2016 08 26 10 45
2016 08 26 19 43
2016 08 26 23 40
2016 08 27 07 46
2016 08 27 19 16
2016 08 28 10 55
2016 08 28 13 07
2016 08 28 15 37
2016 08 28 18 32
2016 08 28 23 13
2016 09 01 00 15
2016 09 01 16 25
2016 09 01 20 41
2016 09 02 12 36
2016 09 02 21 12
2016 09 02 23 06
2016 09 03 00 47
2016 09 03 11 52
2016 09 03 22 31
2016 09 04 04 59
2016 09 04 12 26
2016 09 04 22 38
2016 09 05 01 39
2016 09 05 02 36
2016 09 06 05 30
2016 09 06 09 40
2016 09 06 15 37
2016 09 06 20 52
2016 09 06 21 06
2016 09 07 03 07
2016 09 07 15 15
2016 09 07 15 18
2016 09 07 21 07
2016 09 08 02 33
2016 09 09 00 14
2016 09 09 13 03
2016 09 09 21 21
2016 09 09 21 32
2016 09 10 00 53
2016 09 10 01 47
2016 09 10 08 56
2016 09 10 20 09
2016 09 11 00 14
2016 09 11 07 09
2016 09 11 08 58
2016 09 11 20 25
2016 09 12 13 13
2016 09 12 13 44
2016 09 12 15 41
2016 09 12 20 57
2016 09 13 06 11
2016 09 13 15 02
2016 09 13 20 12
2016 09 13 21 56
2016 09 13 22 06
2016 09 14 04 29
2016 09 14 10 27
2016 09 14 10 40
2016 09 14 15 33
2016 09 14 17 07
2016 09 14 21 16
2016 09 14 22 29
2016 09 15 06 55
2016 09 15 10 33
2016 09 15 16 07
2016 09 15 22 50
2016 09 16 00 04
2016 09 16 01 45
2016 09 16 06 59
2016 09 16 07 50
2016 09 16 12 03
2016 09 16 12 22
2016 09 16 15 52
2016 09 16 22 51
2016 09 17 03 34
2016 09 17 04 16
2016 09 17 06 39
2016 09 17 07 48
2016 09 17 09 26
2016 09 17 09 46
2016 09 17 15 07
2016 09 17 23 27
2016 09 18 01 18
2016 09 18 09 06
2016 09 18 14 24
2016 09 18 20 55
2016 09 19 08 00
2016 09 19 10 49
2016 09 20 03 31
2016 09 20 06 16
2016 09 20 08 04
2016 09 20 14 32
2016 09 20 16 59
2016 09 20 22 03
2016 09 21 23 16
2016 09 22 00 24
2016 09 22 02 59
2016 09 22 22 33
2016 09 22 23 37
2016 09 23 06 03
2016 09 23 06 07
2016 09 23 12 57
2016 09 23 20 08
2016 09 23 20 58
2016 09 24 03 14
2016 09 24 04 24
2016 09 24 12 18
2016 09 24 17 00
2016 09 24 19 40
2016 09 25 01 09
2016 09 25 04 34
2016 09 25 07 49
2016 09 25 09 58
2016 09 25 10 51
2016 09 25 10 58
2016 09 25 12 34
2016 09 26 02 23
2016 09 26 09 54
2016 09 26 20 14
2016 09 28 00 48
2016 09 28 08 18
2016 09 28 10 28
2016 09 28 23 57
2016 10 01 06 25
2016 10 01 14 22
2016 10 01 15 14
2016 10 01 18 10
2016 10 01 18 54
2016 10 01 20 38
2016 10 02 12 26
2016 10 03 17 39
2016 10 03 19 28
2016 10 03 22 40
2016 10 04 07 53
2016 10 04 16 55
2016 10 05 07 28
2016 10 05 17 31
2016 10 05 19 37
2016 10 06 22 17
2016 10 07 01 40
2016 10 07 03 45
2016 10 07 09 10
2016 10 07 15 16
2016 10 07 18 32
2016 10 08 00 28
2016 10 08 08 59
2016 10 08 10 55
2016 10 08 14 19
2016 10 08 23 43
2016 10 09 06 37
2016 10 09 11 41
2016 10 10 02 11
2016 10 10 19 48
2016 10 11 03 59
2016 10 11 06 21
2016 10 11 16 23
2016 10 12 18 24
2016 10 13 14 50
2016 10 13 18 10
2016 10 14 13 47
2016 10 14 18 44
2016 10 15 00 34
2016 10 15 02 43
2016 10 15 04 59
2016 10 15 05 59
2016 10 15 07 46
2016 10 15 19 54
2016 10 16 17 26
2016 10 16 22 00
2016 10 17 01 21
2016 10 17 06 53
2016 10 17 09 47
2016 10 17 10 06
2016 10 17 15 02
2016 10 17 20 54
2016 10 18 03 25
2016 10 18 04 09
2016 10 18 15 23
2016 10 18 23 25
2016 10 19 00 48
2016 10 19 21 24
2016 10 20 03 02
2016 10 21 14 45
2016 10 22 19 58
2016 10 23 04 49
2016 10 23 05 35
2016 10 23 17 13
2016 10 24 10 04
2016 10 24 11 05
2016 10 24 14 53
2016 10 24 17 09
2016 10 24 22 01
2016 10 25 09 59
2016 10 25 16 34
2016 10 26 00 52
2016 10 26 02 57
2016 10 26 18 03
2016 10 27 06 14
2016 10 27 19 42
2016 10 28 11 42
2016 10 28 22 40
2016 11 01 07 10
2016 11 01 08 07
2016 11 01 18 03
2016 11 02 23 26
2016 11 03 21 51
2016 11 03 22 56
2016 11 04 00 32
2016 11 04 09 33
2016 11 04 18 50
2016 11 04 19 17
2016 11 05 00 31
2016 11 05 04 56
2016 11 05 08 05
2016 11 05 22 15
2016 11 05 23 34
2016 11 06 00 19
2016 11 06 18 51
2016 11 07 10 44
2016 11 08 00 02
2016 11 08 04 07
2016 11 08 08 03
2016 11 08 22 54
2016 11 09 02 52
2016 11 09 07 46
2016 11 09 17 26
2016 11 10 02 40
2016 11 10 04 31
2016 11 10 22 17
2016 11 11 01 47
2016 11 11 13 03
2016 11 11 18 19
2016 11 11 21 20
2016 11 12 11 24
2016 11 12 12 23
2016 11 12 19 22
2016 11 13 04 38
2016 11 13 14 21
2016 11 13 17 41
2016 11 14 00 57
2016 11 14 01 27
2016 11 14 02 10
2016 11 14 06 08
2016 11 14 07 43
2016 11 15 15 08
2016 11 16 01 56
2016 11 16 02 00
2016 11 16 13 25
2016 11 17 15 42
2016 11 18 14 23
2016 11 18 14 53
2016 11 19 01 51
2016 11 19 10 38
2016 11 19 14 45
2016 11 20 02 35
2016 11 20 05 34
2016 11 20 08 10
2016 11 20 09 52
2016 11 20 23 28
2016 11 21 12 29
2016 11 21 17 18
2016 11 21 18 54
2016 11 22 16 30
2016 11 23 04 52
2016 11 23 05 02
2016 11 23 09 39
2016 11 23 10 05
2016 11 23 12 07
2016 11 23 20 40
2016 11 24 11 52
2016 11 24 11 58
2016 11 24 19 13
2016 11 25 08 29
2016 11 25 23 52
2016 11 26 01 14
2016 11 26 13 14
2016 11 26 16 04
2016 11 27 02 04
2016 11 27 15 11
2016 11 27 19 03
2016 11 28 19 25
2016 11 28 20 31
2016 11 28 21 33
2016 12 02 01 45
2016 12 02 20 38
2016 12 03 09 56
2016 12 03 10 41
2016 12 03 10 51
2016 12 04 04 58
2016 12 04 07 37
2016 12 05 01 01
2016 12 05 05 49
2016 12 05 05 51
2016 12 05 09 46
2016 12 05 17 50
2016 12 05 22 23
2016 12 06 01 05
2016 12 06 01 38
2016 12 06 05 11
2016 12 06 06 07
2016 12 06 07 30
2016 12 06 16 04
2016 12 08 12 06
2016 12 08 17 04
2016 12 08 21 00
2016 12 08 23 03
2016 12 09 08 48
2016 12 09 17 56
2016 12 09 20 21
2016 12 09 22 54
2016 12 11 03 07
2016 12 11 03 25
2016 12 11 09 57
2016 12 11 22 31
2016 12 12 01 24
2016 12 12 01 38
2016 12 12 09 19
2016 12 12 11 26
2016 12 13 02 54
2016 12 13 17 31
2016 12 14 11 19
2016 12 15 17 34
2016 12 15 19 30
2016 12 15 21 28
2016 12 16 14 49
2016 12 16 21 10
2016 12 17 01 03
2016 12 17 01 26
2016 12 17 18 15
2016 12 18 04 21
2016 12 18 10 55
2016 12 18 18 39
2016 12 18 21 26
2016 12 19 14 26
2016 12 20 07 18
2016 12 20 12 25
2016 12 21 06 42
2016 12 21 19 50
2016 12 22 06 34
2016 12 22 06 50
2016 12 22 08 31
2016 12 23 08 30
2016 12 23 09 03
2016 12 23 16 03
2016 12 24 19 05
2016 12 25 07 32
2016 12 25 09 33
2016 12 25 11 31
2016 12 26 00 00
2016 12 26 11 40
2016 12 26 12 50
2016 12 26 17 59
2016 12 26 20 06
2016 12 27 03 54
2016 12 28 01 02
2016 12 28 22 04
2017 01 01 01 39
2017 01 01 07 50
2017 01 01 08 03
2017 01 01 20 24
2017 01 02 03 19
2017 01 02 13 02
2017 01 03 20 31
2017 01 04 09 38
2017 01 04 16 01
2017 01 04 18 14
2017 01 04 21 45
2017 01 05 19 09
2017 01 06 02 53
2017 01 06 05 41
2017 01 06 14 29
2017 01 06 20 00
2017 01 07 00 16
2017 01 07 00 27
2017 01 07 00 36
2017 01 07 02 27
2017 01 07 23 46
2017 01 08 01 30
2017 01 08 07 28
2017 01 08 09 33
2017 01 08 20 18
2017 01 09 03 07
2017 01 09 14 41
2017 01 09 21 58
2017 01 10 02 57
2017 01 10 05 34
2017 01 10 09 31
2017 01 11 13 12
2017 01 12 13 23
2017 01 13 01 04
2017 01 13 08 43
2017 01 13 16 47
2017 01 13 17 47
2017 01 14 04 26
2017 01 14 07 53
2017 01 14 09 24
2017 01 14 10 31
2017 01 15 14 40
2017 01 15 15 50
2017 01 15 16 13
2017 01 16 03 11
2017 01 17 08 14
2017 01 17 22 38
2017 01 18 15 33
2017 01 19 06 56
2017 01 19 14 40
2017 01 19 15 39
2017 01 19 22 36
2017 01 20 03 17
2017 01 20 03 59
2017 01 20 15 16
2017 01 20 15 42
2017 01 20 21 29
2017 01 21 11 11
2017 01 22 08 43
2017 01 22 14 44
2017 01 23 05 41
2017 01 23 18 37
2017 01 23 21 47
2017 01 24 00 24
2017 01 24 10 22
2017 01 24 20 57
2017 01 25 05 09
2017 01 25 07 06
2017 01 25 09 28
2017 01 25 13 13
2017 01 26 01 29
2017 01 26 01 34
2017 01 26 16 39
2017 01 27 04 02
2017 01 27 18 29
2017 01 27 22 06
2017 01 28 02 47
2017 01 28 10 52
2017 01 28 13 19
2017 01 28 14 35
2017 01 28 18 45
2017 01 28 21 10
2017 02 01 06 13
2017 02 01 08 36
2017 02 01 10 24
2017 02 01 12 23
2017 02 01 13 10
2017 02 01 16 40
2017 02 01 20 19
2017 02 02 06 21
2017 02 02 23 13
2017 02 03 00 11
2017 02 03 08 59
2017 02 03 10 09
2017 02 04 00 17
2017 02 05 00 05
2017 02 05 00 31
2017 02 05 02 14
2017 02 05 11 06
2017 02 05 21 24
2017 02 07 18 40
2017 02 07 19 18
2017 02 08 07 49
2017 02 08 08 19
2017 02 08 10 41
2017 02 08 12 55
2017 02 08 21 47
2017 02 09 13 36
2017 02 09 16 21
2017 02 10 04 23
2017 02 10 09 57
2017 02 10 13 03
2017 02 10 20 40
2017 02 11 09 40
2017 02 11 20 03
2017 02 12 02 19
2017 02 12 04 13
2017 02 12 05 57
2017 02 12 06 11
2017 02 12 07 23
2017 02 12 09 35
2017 02 12 12 52
2017 02 12 18 30
2017 02 13 02 14
2017 02 13 04 36
2017 02 13 19 45
2017 02 13 20 25
2017 02 14 07 15
2017 02 14 13 31
2017 02 14 15 21
2017 02 14 17 31
2017 02 15 18 08
2017 02 16 09 44
2017 02 16 10 44
2017 02 16 14 13
2017 02 16 16 02
2017 02 17 01 17
2017 02 17 01 24
2017 02 17 23 22
2017 02 18 10 19
2017 02 18 11 52
2017 02 18 21 49
2017 02 19 04 58
2017 02 19 10 03
2017 02 19 18 07
2017 02 19 18 22
2017 02 19 18 39
2017 02 20 00 26
2017 02 20 05 16
2017 02 20 09 23
2017 02 20 16 13
2017 02 20 23 37
2017 02 21 02 30
2017 02 21 04 59
2017 02 21 12 59
2017 02 21 14 21
2017 02 21 14 38
2017 02 22 17 03
2017 02 22 20 30
2017 02 23 05 29
2017 02 23 23 57
2017 02 24 22 09
2017 02 25 03 19
2017 02 25 03 39
2017 02 26 05 08
2017 02 26 06 49
2017 02 26 06 50
2017 02 26 07 56
2017 02 26 11 48
2017 02 27 06 16
2017 02 27 18 40
2017 02 28 11 28
2017 02 28 17 42
2017 03 01 02 44
2017 03 01 06 59
2017 03 01 21 40
2017 03 02 03 00
2017 03 02 10 21
2017 03 02 17 32
2017 03 03 11 18
2017 03 04 12 05
2017 03 04 12 51
2017 03 05 04 45
2017 03 05 07 43
2017 03 05 10 14
2017 03 06 02 14
2017 03 06 03 52
2017 03 06 12 18
2017 03 06 21 39
2017 03 07 22 55
2017 03 07 23 35
2017 03 08 02 26
2017 03 08 13 21
2017 03 08 18 33
2017 03 09 01 17
2017 03 09 02 22
2017 03 10 04 05
2017 03 10 05 26
2017 03 10 20 50
2017 03 10 22 03
2017 03 10 23 48
2017 03 10 23 53
2017 03 11 03 32
2017 03 11 12 17
2017 03 12 05 50
2017 03 12 09 16
2017 03 12 16 05
2017 03 13 00 44
2017 03 14 01 32
2017 03 14 04 08
2017 03 14 08 47
2017 03 15 04 23
2017 03 15 15 44
2017 03 15 20 37
2017 03 16 02 34
2017 03 16 09 50
2017 03 17 06 21
2017 03 17 17 34
2017 03 17 18 49
2017 03 18 04 43
2017 03 18 05 07
2017 03 18 06 36
2017 03 18 06 56
2017 03 19 00 01
2017 03 19 03 05
2017 03 19 06 00
2017 03 19 12 20
2017 03 19 17 07
2017 03 20 01 30
2017 03 20 03 03
2017 03 21 14 46
2017 03 21 22 29
2017 03 22 02 33
2017 03 22 04 57
2017 03 22 06 02
2017 03 22 15 54
2017 03 23 05 02
2017 03 23 18 23
2017 03 23 19 23
2017 03 24 06 55
2017 03 24 13 59
2017 03 24 18 27
2017 03 25 01 31
2017 03 25 22 24
2017 03 26 23 35
2017 03 27 01 50
2017 03 27 02 33
2017 03 27 03 18
2017 03 27 16 02
2017 03 28 06 57
2017 03 28 08 33
2017 03 28 15 33
2017 03 28 18 52
2017 04 01 14 37
2017 04 02 11 55
2017 04 02 20 50
2017 04 03 01 27
2017 04 03 09 24
2017 04 03 12 23
2017 04 03 14 56
2017 04 06 11 56
2017 04 06 22 59
2017 04 06 23 57
2017 04 07 01 17
2017 04 07 01 58
2017 04 07 03 19
2017 04 07 10 00
2017 04 07 11 07
2017 04 08 07 03
2017 04 08 12 54
2017 04 08 15 49
2017 04 09 02 57
2017 04 09 06 01
2017 04 09 10 28
2017 04 09 20 00
2017 04 10 09 34
2017 04 10 20 54
2017 04 11 02 56
2017 04 12 09 20
2017 04 12 12 12
2017 04 13 02 15
2017 04 13 13 02
2017 04 13 13 54
2017 04 13 14 49
2017 04 13 16 21
2017 04 15 08 41
2017 04 15 09 03
2017 04 16 22 04
2017 04 16 22 56
2017 04 17 03 13
2017 04 17 18 23
2017 04 18 09 06
2017 04 18 12 35
2017 04 19 08 01
2017 04 19 13 30
2017 04 20 00 32
2017 04 20 19 47
2017 04 20 21 03
2017 04 21 04 44
2017 04 21 13 36
2017 04 21 23 11
2017 04 22 01 32
2017 04 22 01 41
2017 04 22 18 05
2017 04 23 11 23
2017 04 23 18 51
2017 04 23 23 20
2017 04 25 07 16
2017 04 25 09 26
2017 04 25 13 45
2017 04 25 23 53
2017 04 26 05 37
2017 04 26 12 23
2017 04 26 20 29
2017 04 27 14 13
2017 04 27 17 41
2017 04 28 02 33
2017 04 28 16 50
2017 04 28 21 47
2017 05 01 10 31
2017 05 01 12 49
2017 05 01 22 13
2017 05 02 01 59
2017 05 02 04 21
2017 05 02 14 41
2017 05 03 04 32
2017 05 03 10 12
2017 05 03 11 11
2017 05 03 12 14
2017 05 03 12 33
2017 05 03 23 20
2017 05 04 01 55
2017 05 04 03 10
2017 05 04 08 47
2017 05 05 10 42
2017 05 05 15 40
2017 05 05 16 47
2017 05 06 01 47
2017 05 06 02 54
2017 05 06 19 38
2017 05 06 20 12
2017 05 06 22 41
2017 05 06 22 43
2017 05 07 15 43
2017 05 07 21 42
2017 05 08 03 57
2017 05 08 14 20
2017 05 08 15 01
2017 05 08 17 09
2017 05 08 23 08
2017 05 09 04 09
2017 05 09 11 34
2017 05 09 13 12
2017 05 09 16 20
2017 05 09 22 07
2017 05 10 17 52
2017 05 10 21 03
2017 05 11 01 07
2017 05 11 06 07
2017 05 11 09 01
2017 05 11 09 32
2017 05 12 00 25
2017 05 12 01 44
2017 05 12 01 51
2017 05 12 04 36
2017 05 12 14 06
2017 05 12 19 03
2017 05 12 19 12
2017 05 12 22 31
2017 05 13 03 16
2017 05 13 11 41
2017 05 13 15 34
2017 05 13 18 21
2017 05 13 21 36
2017 05 14 00 24
2017 05 14 07 42
2017 05 14 13 15
2017 05 14 16 56
2017 05 14 22 30
2017 05 15 04 44
2017 05 15 14 54
2017 05 15 18 57
2017 05 16 03 42
2017 05 16 04 23
2017 05 16 18 30
2017 05 17 03 41
2017 05 17 08 58
2017 05 17 10 09
2017 05 17 21 09
2017 05 18 00 18
2017 05 18 21 01
2017 05 19 09 06
2017 05 19 09 30
2017 05 19 10 02
2017 05 19 11 45
2017 05 19 18 46
2017 05 19 20 12
2017 05 19 22 22
2017 05 20 12 25
2017 05 21 01 11
2017 05 21 15 46
2017 05 21 23 40
2017 05 22 21 10
2017 05 23 09 50
2017 05 23 12 11
2017 05 23 22 42
2017 05 24 03 39
2017 05 24 07 12
2017 05 24 15 55
2017 05 24 19 58
2017 05 24 20 46
2017 05 25 10 32
2017 05 26 01 18
2017 05 26 09 39
2017 05 26 11 28
2017 05 26 15 46
2017 05 26 21 40
2017 05 26 22 27
2017 05 27 01 53
2017 05 27 05 07
2017 05 27 05 59
2017 05 27 20 54
2017 05 27 22 59
2017 05 28 03 42
2017 05 28 09 18
2017 05 28 09 49
2017 05 28 14 51
2017 06 01 17 45
2017 06 02 20 49
2017 06 03 01 06
2017 06 03 03 33
2017 06 03 12 02
2017 06 04 04 22
2017 06 04 11 11
2017 06 05 03 50
2017 06 05 12 48
2017 06 05 14 19
2017 06 06 10 18
2017 06 06 11 55
2017 06 06 14 48
2017 06 07 06 41
2017 06 07 10 29
2017 06 07 20 57
2017 06 09 08 09
2017 06 09 11 49
2017 06 09 18 21
2017 06 10 15 07
2017 06 10 21 35
2017 06 11 14 57
2017 06 12 04 57
2017 06 12 10 30
2017 06 12 20 18
2017 06 13 03 26
2017 06 13 04 53
2017 06 13 07 58
2017 06 15 01 27
2017 06 15 11 45
2017 06 15 21 27
2017 06 15 23 28
2017 06 16 02 11
2017 06 16 06 40
2017 06 17 07 09
2017 06 17 15 58
2017 06 18 02 13
2017 06 18 16 35
2017 06 18 17 22
2017 06 19 02 40
2017 06 19 06 49
2017 06 19 10 21
2017 06 19 19 14
2017 06 19 19 56
2017 06 20 02 23
2017 06 20 22 39
2017 06 21 08 47
2017 06 21 14 28
2017 06 21 14 39
2017 06 22 00 51
2017 06 22 08 57
2017 06 23 01 04
2017 06 23 03 43
2017 06 23 19 59
2017 06 24 03 56
2017 06 24 12 56
2017 06 24 17 12
2017 06 25 07 10
2017 06 26 02 55
2017 06 26 04 45
2017 06 26 14 55
2017 06 26 16 37
2017 06 27 10 23
2017 06 27 14 04
2017 06 27 21 02
2017 06 27 23 17
2017 06 28 01 36
2017 06 28 05 16
2017 06 28 13 51
2017 06 28 16 12
2017 06 28 17 06
2017 06 28 17 47
2017 06 28 20 36
2017 07 01 18 53
2017 07 01 20 58
2017 07 02 01 06
2017 07 02 11 45
2017 07 02 12 32
2017 07 02 21 42
2017 07 03 03 23
2017 07 03 06 19
2017 07 03 06 20
2017 07 03 06 38
2017 07 03 12 05
2017 07 03 13 40
2017 07 04 18 27
2017 07 05 00 55
2017 07 05 05 01
2017 07 05 20 47
2017 07 06 01 35
2017 07 06 02 13
2017 07 06 09 32
2017 07 06 14 34
2017 07 06 17 24
2017 07 07 05 10
2017 07 07 06 57
2017 07 07 12 29
2017 07 07 17 07
2017 07 07 18 29
2017 07 08 07 06
2017 07 08 13 04
2017 07 08 20 10
2017 07 09 02 18
2017 07 09 02 19
2017 07 09 07 36
2017 07 09 15 42
2017 07 09 19 50
2017 07 09 22 02
2017 07 10 03 05
2017 07 10 08 02
2017 07 10 10 02
2017 07 11 03 37
2017 07 11 17 01
2017 07 11 17 08
2017 07 12 01 48
2017 07 12 13 45
2017 07 13 02 09
2017 07 13 02 45
2017 07 13 12 19
2017 07 13 16 08
2017 07 13 18 48
2017 07 14 07 08
2017 07 14 23 12
2017 07 15 15 37
2017 07 15 16 35
2017 07 15 18 53
2017 07 16 00 13
2017 07 16 02 14
2017 07 16 02 37
2017 07 16 07 02
2017 07 17 01 38
2017 07 17 08 59
2017 07 17 10 41
2017 07 18 02 19
2017 07 18 02 39
2017 07 18 05 37
2017 07 18 08 49
2017 07 18 12 57
2017 07 18 19 08
2017 07 19 19 12
2017 07 19 21 02
2017 07 20 05 46
2017 07 20 10 27
2017 07 20 14 13
2017 07 20 16 02
2017 07 20 16 13
2017 07 20 20 45
2017 07 20 20 54
2017 07 21 08 28
2017 07 21 09 41
2017 07 21 10 06
2017 07 22 00 29
2017 07 22 04 06
2017 07 23 02 34
2017 07 23 07 50
2017 07 23 10 24
2017 07 23 10 45
2017 07 23 16 22
2017 07 24 13 57
2017 07 25 05 08
2017 07 25 17 11
2017 07 25 17 48
2017 07 26 04 53
2017 07 26 08 56
2017 07 26 22 37
2017 07 26 23 01
2017 07 27 01 48
2017 07 27 05 40
2017 07 27 12 45
2017 07 27 23 39
2017 07 28 00 34
2017 07 28 00 49
2017 07 28 02 30
2017 07 28 05 25
2017 07 28 12 56
2017 08 01 03 08
2017 08 01 06 55
2017 08 01 10 26
2017 08 01 12 47
2017 08 02 15 35
2017 08 02 23 39
2017 08 03 05 19
2017 08 03 16 13
2017 08 04 01 49
2017 08 04 05 22
2017 08 04 07 51
2017 08 04 17 34
2017 08 04 18 06
2017 08 04 23 43
2017 08 05 10 30
2017 08 05 19 18
2017 08 06 08 51
2017 08 06 11 29
2017 08 06 13 09
2017 08 06 15 19
2017 08 06 16 33
2017 08 07 10 58
2017 08 07 23 23
2017 08 08 05 02
2017 08 09 07 54
2017 08 09 08 19
2017 08 09 09 29
2017 08 09 17 49
2017 08 10 01 30
2017 08 10 18 49
2017 08 11 02 54
2017 08 11 04 12
2017 08 11 05 31
2017 08 11 12 56
2017 08 11 14 44
2017 08 11 16 57
2017 08 12 06 08
2017 08 12 08 38
2017 08 12 12 37
2017 08 12 21 28
2017 08 12 22 06
2017 08 13 02 36
2017 08 13 07 04
2017 08 13 13 55
2017 08 13 14 51
2017 08 13 16 45
2017 08 14 14 31
2017 08 15 15 35
2017 08 16 07 55
2017 08 16 09 09
2017 08 16 18 55
2017 08 16 21 49
2017 08 17 14 47
2017 08 18 22 21
2017 08 18 23 27
2017 08 19 09 07
2017 08 19 12 25
2017 08 19 16 12
2017 08 19 22 17
2017 08 20 07 19
2017 08 20 11 12
2017 08 20 21 54
2017 08 21 16 38
2017 08 21 22 21
2017 08 22 03 46
2017 08 22 18 41
2017 08 22 18 48
2017 08 23 13 26
2017 08 23 15 01
2017 08 23 19 53
2017 08 23 21 43
2017 08 24 19 52
2017 08 24 20 01
2017 08 24 21 27
2017 08 25 05 28
2017 08 26 03 29
2017 08 26 06 47
2017 08 26 07 11
2017 08 26 09 09
2017 08 26 15 03
2017 08 26 21 52
2017 08 27 02 38
2017 08 27 05 43
2017 08 27 09 10
2017 08 27 15 29
2017 08 27 16 24
2017 08 27 17 19
2017 08 27 17 31
2017 08 27 20 44
2017 08 27 21 25
2017 08 28 04 24
2017 08 28 05 41
2017 08 28 14 43
2017 08 28 21 05
2017 08 28 22 58
2017 09 01 03 01
2017 09 01 08 05
2017 09 01 09 18
2017 09 01 11 45
2017 09 01 19 39
2017 09 01 22 42
2017 09 01 22 49
2017 09 02 03 42
2017 09 02 06 56
2017 09 03 04 20
2017 09 03 17 26
2017 09 03 23 05
2017 09 04 21 50
2017 09 05 05 06
2017 09 05 12 19
2017 09 05 14 27
2017 09 05 15 57
2017 09 07 16 26
2017 09 08 04 12
2017 09 08 05 13
2017 09 08 12 47
2017 09 08 22 07
2017 09 09 13 24
2017 09 10 01 49
2017 09 10 06 30
2017 09 10 07 27
2017 09 10 13 25
2017 09 10 17 53
2017 09 11 05 12
2017 09 11 10 29
2017 09 11 12 44
2017 09 12 10 57
2017 09 12 18 03
2017 09 12 18 03
2017 09 12 22 36
2017 09 13 06 38
2017 09 13 07 55
2017 09 13 09 56
2017 09 14 09 36
2017 09 14 23 29
2017 09 15 01 09
2017 09 15 01 24
2017 09 15 09 03
2017 09 15 11 47
2017 09 15 23 51
2017 09 16 00 23
2017 09 16 01 08
2017 09 16 03 39
2017 09 16 07 07
2017 09 16 15 30
2017 09 16 18 03
2017 09 16 20 48
2017 09 17 20 32
2017 09 17 23 01
2017 09 17 23 21
2017 09 18 00 12
2017 09 18 01 50
2017 09 18 06 31
2017 09 18 13 43
2017 09 18 15 23
2017 09 18 17 48
2017 09 18 18 53
2017 09 18 21 21
2017 09 18 23 33
2017 09 19 20 29
2017 09 20 02 34
2017 09 20 03 51
2017 09 20 04 53
2017 09 21 04 47
2017 09 21 07 07
2017 09 22 03 07
2017 09 22 07 22
2017 09 22 12 14
2017 09 23 07 44
2017 09 23 12 32
2017 09 23 13 22
2017 09 23 17 30
2017 09 23 22 41
2017 09 24 06 15
2017 09 24 11 57
2017 09 25 04 08
2017 09 25 06 41
2017 09 25 06 55
2017 09 25 08 02
2017 09 25 12 01
2017 09 25 13 17
2017 09 25 20 35
2017 09 25 22 44
2017 09 26 04 58
2017 09 26 14 07
2017 09 27 06 49
2017 09 27 12 17
2017 09 28 00 33
2017 09 28 04 34
2017 09 28 06 22
2017 09 28 18 28
2017 09 28 23 07
2017 10 01 00 19
2017 10 01 03 31
2017 10 01 14 05
2017 10 01 17 36
2017 10 02 03 45
2017 10 02 19 19
2017 10 02 22 07
2017 10 03 09 16
2017 10 03 17 42
2017 10 03 23 06
2017 10 04 04 45
2017 10 04 10 45
2017 10 04 15 32
2017 10 04 20 42
2017 10 04 22 09
2017 10 04 23 38
2017 10 05 02 21
2017 10 05 23 40
2017 10 06 12 20
2017 10 06 19 42
2017 10 06 23 17
2017 10 07 17 59
2017 10 08 03 29
2017 10 08 20 08
2017 10 09 03 25
2017 10 09 06 11
2017 10 09 10 54
2017 10 10 04 11
2017 10 10 07 43
2017 10 10 10 58
2017 10 10 12 38
2017 10 10 12 47
2017 10 10 13 50
2017 10 10 17 47
2017 10 10 21 56
2017 10 11 22 17
2017 10 12 01 07
2017 10 12 01 30
2017 10 12 10 51
2017 10 12 14 53
2017 10 12 16 00
2017 10 13 00 20
2017 10 13 04 57
2017 10 13 07 46
2017 10 13 11 24
2017 10 13 13 03
2017 10 13 15 15
2017 10 14 00 40
2017 10 14 05 41
2017 10 14 13 00
2017 10 14 15 15
2017 10 14 23 55
2017 10 15 12 02
2017 10 15 12 17
2017 10 16 06 54
2017 10 17 01 40
2017 10 17 06 56
2017 10 17 20 20
2017 10 18 04 44
2017 10 18 16 39
2017 10 19 10 50
2017 10 19 20 27
2017 10 19 21 00
2017 10 19 21 36
2017 10 20 10 39
2017 10 20 11 20
2017 10 21 02 06
2017 10 21 03 25
2017 10 21 16 01
2017 10 22 11 15
2017 10 22 17 02
2017 10 23 02 58
2017 10 23 20 35
2017 10 24 03 31
2017 10 24 18 22
2017 10 24 21 09
2017 10 25 01 12
2017 10 26 04 39
2017 10 26 15 14
2017 10 26 15 40
2017 10 26 17 11
2017 10 27 14 29
2017 10 27 17 50
2017 10 27 17 53
2017 10 27 18 18
2017 10 27 22 57
2017 10 28 06 17
2017 10 28 14 37
2017 10 28 15 28
2017 10 28 17 59
2017 11 01 07 41
2017 11 01 15 44
2017 11 02 01 42
2017 11 04 16 04
2017 11 04 22 31
2017 11 05 12 06
2017 11 06 05 45
2017 11 06 14 16
2017 11 08 01 03
2017 11 08 06 10
2017 11 08 06 44
2017 11 08 06 46
2017 11 08 13 18
2017 11 08 23 23
2017 11 10 00 08
2017 11 10 01 36
2017 11 10 04 13
2017 11 10 07 57
2017 11 11 05 51
2017 11 11 09 08
2017 11 11 17 33
2017 11 13 02 02
2017 11 13 07 00
2017 11 13 09 22
2017 11 13 13 40
2017 11 13 16 44
2017 11 14 03 28
2017 11 14 06 37
2017 11 14 15 09
2017 11 14 16 13
2017 11 14 17 11
2017 11 14 20 25
2017 11 15 02 06
2017 11 15 04 29
2017 11 15 06 36
2017 11 15 15 33
2017 11 15 19 40
2017 11 16 00 14
2017 11 16 05 20
2017 11 16 08 39
2017 11 16 17 13
2017 11 16 19 10
2017 11 16 20 17
2017 11 16 20 35
2017 11 16 21 15
2017 11 17 09 55
2017 11 17 15 07
2017 11 17 16 11
2017 11 17 20 10
2017 11 18 01 32
2017 11 18 05 41
2017 11 18 08 02
2017 11 18 16 01
2017 11 18 23 21
2017 11 18 23 46
2017 11 19 15 45
2017 11 20 00 31
2017 11 20 14 30
2017 11 20 20 42
2017 11 21 03 08
2017 11 21 11 54
2017 11 22 03 24
2017 11 22 07 31
2017 11 22 10 23
2017 11 22 12 18
2017 11 22 22 22
2017 11 23 03 07
2017 11 23 11 56
2017 11 23 13 40
2017 11 23 16 52
2017 11 23 19 49
2017 11 24 15 00
2017 11 25 08 25
2017 11 25 15 38
2017 11 26 02 15
2017 11 26 09 58
2017 11 26 10 37
2017 11 27 02 30
2017 11 27 05 12
2017 11 27 06 47
2017 11 27 10 20
2017 11 27 10 42
2017 11 28 06 13
2017 11 28 06 34
2017 11 28 18 34
2017 11 28 21 00
2017 12 01 17 10
2017 12 02 14 13
2017 12 03 01 42
2017 12 03 03 00
2017 12 03 14 34
2017 12 04 06 11
2017 12 04 16 07
2017 12 05 03 22
2017 12 05 11 07
2017 12 05 13 00
2017 12 05 16 18
2017 12 06 09 09
2017 12 06 14 23
2017 12 07 07 47
2017 12 07 18 49
2017 12 07 19 55
2017 12 08 01 25
2017 12 08 03 09
2017 12 08 10 48
2017 12 08 14 00
2017 12 09 06 17
2017 12 09 08 56
2017 12 10 11 39
2017 12 10 20 45
2017 12 11 13 00
2017 12 11 17 12
2017 12 12 10 01
2017 12 14 03 51
2017 12 14 08 28
2017 12 14 18 02
2017 12 14 22 32
2017 12 15 10 13
2017 12 15 16 42
2017 12 15 20 03
2017 12 16 01 29
2017 12 16 04 11
2017 12 16 11 43
2017 12 17 00 04
2017 12 17 06 30
2017 12 17 08 13
2017 12 17 23 18
2017 12 17 23 48
2017 12 18 07 29
2017 12 18 07 36
2017 12 18 11 37
2017 12 18 12 39
2017 12 18 17 04
2017 12 18 23 48
2017 12 19 02 21
2017 12 19 12 16
2017 12 19 16 43
2017 12 19 17 08
2017 12 20 10 25
2017 12 20 17 25
2017 12 21 06 53
2017 12 21 08 09
2017 12 21 15 25
2017 12 21 23 39
2017 12 22 00 52
2017 12 22 02 13
2017 12 22 02 47
2017 12 22 07 38
2017 12 22 11 13
2017 12 23 06 34
2017 12 23 07 05
2017 12 23 12 54
2017 12 23 13 12
2017 12 24 13 03
2017 12 25 00 33
2017 12 25 03 36
2017 12 25 03 44
2017 12 25 10 31
2017 12 25 19 35
2017 12 25 20 37
2017 12 26 06 24
2017 12 26 10 18
2017 12 27 07 06
2017 12 27 11 17
2017 12 27 23 01
2017 12 28 09 19
2017 12 28 09 46
2017 12 28 20 02
2018 01 01 02 25
2018 01 01 23 47
2018 01 02 00 56
2018 01 02 00 58
2018 01 02 02 45
2018 01 02 12 18
2018 01 02 15 17
2018 01 02 15 41
2018 01 02 19 18
2018 01 02 23 30
2018 01 03 01 37
2018 01 03 02 17
2018 01 03 14 03
2018 01 03 22 32
2018 01 04 01 23
2018 01 04 05 43
2018 01 04 21 33
2018 01 05 05 31
2018 01 05 08 48
2018 01 05 11 00
2018 01 05 15 06
2018 01 06 22 06
2018 01 07 05 04
2018 01 07 09 44
2018 01 07 17 26
2018 01 07 20 39
2018 01 08 08 06
2018 01 09 21 27
2018 01 09 22 04
2018 01 10 13 48
2018 01 10 18 34
2018 01 10 19 04
2018 01 10 21 36
2018 01 10 23 01
2018 01 11 02 57
2018 01 11 07 05
2018 01 11 15 44
2018 01 11 20 40
2018 01 12 07 12
2018 01 12 11 41
2018 01 13 04 09
2018 01 13 06 48
2018 01 13 19 11
2018 01 14 08 14
2018 01 14 13 41
2018 01 14 23 38
2018 01 15 06 52
2018 01 15 07 42
2018 01 15 18 17
2018 01 15 20 29
2018 01 15 22 35
2018 01 16 05 06
2018 01 16 12 37
2018 01 16 14 09
2018 01 16 20 00
2018 01 17 00 31
2018 01 17 18 08
2018 01 18 01 54
2018 01 19 00 09
2018 01 19 02 27
2018 01 19 02 52
2018 01 19 05 49
2018 01 19 12 21
2018 01 19 19 56
2018 01 21 04 04
2018 01 21 11 01
2018 01 22 03 55
2018 01 22 06 06
2018 01 22 08 18
2018 01 23 01 07
2018 01 23 21 39
2018 01 24 06 03
2018 01 24 11 09
2018 01 25 06 17
2018 01 25 07 20
2018 01 25 07 39
2018 01 26 05 41
2018 01 26 11 07
2018 01 26 20 33
2018 01 26 21 55
2018 01 27 03 32
2018 01 27 12 46
2018 01 28 15 39
2018 01 28 16 38
2018 02 01 02 21
2018 02 01 06 56
2018 02 01 16 40
2018 02 01 21 03
2018 02 02 13 56
2018 02 02 19 02
2018 02 03 02 14
2018 02 03 05 38
2018 02 03 14 33
2018 02 04 02 22
2018 02 04 11 16
2018 02 05 00 11
2018 02 05 08 04
2018 02 05 21 07
2018 02 06 00 23
2018 02 06 06 07
2018 02 06 22 51
2018 02 07 08 34
2018 02 07 18 32
2018 02 07 23 50
2018 02 08 04 14
2018 02 08 16 01
2018 02 08 23 19
2018 02 09 08 57
2018 02 09 14 07
2018 02 10 12 51
2018 02 10 13 25
2018 02 10 23 36
2018 02 11 04 05
2018 02 12 01 53
2018 02 12 04 21
2018 02 12 11 40
2018 02 13 04 56
2018 02 13 09 14
2018 02 13 09 52
2018 02 13 14 43
2018 02 13 20 33
2018 02 14 05 10
2018 02 14 10 02
2018 02 14 11 10
2018 02 15 11 15
2018 02 16 22 15
2018 02 17 09 45
2018 02 17 10 49
2018 02 18 09 11
2018 02 18 17 25
2018 02 18 23 01
2018 02 20 05 46
2018 02 20 15 11
2018 02 21 04 47
2018 02 21 05 59
2018 02 21 08 52
2018 02 21 16 15
2018 02 21 20 27
2018 02 22 14 32
2018 02 23 00 00
2018 02 23 00 30
2018 02 23 12 05
2018 02 23 14 08
2018 02 23 14 14
2018 02 23 14 41
2018 02 23 17 34
2018 02 23 22 14
2018 02 23 22 20
2018 02 24 06 32
2018 02 24 07 46
2018 02 24 22 12
2018 02 25 01 01
2018 02 25 01 44
2018 02 25 03 50
2018 02 25 20 57
2018 02 26 04 18
2018 02 26 08 26
2018 02 26 15 26
2018 02 26 18 21
2018 02 27 02 33
2018 02 28 00 39
2018 02 28 02 01
2018 02 28 02 45
2018 02 28 09 04
2018 03 01 01 18
2018 03 01 09 33
2018 03 01 11 22
2018 03 01 16 29
2018 03 01 16 31
2018 03 02 06 37
2018 03 02 08 12
2018 03 02 17 28
2018 03 02 18 11
2018 03 02 22 53
2018 03 03 00 10
2018 03 03 01 19
2018 03 03 09 00
2018 03 03 14 01
2018 03 03 15 58
2018 03 03 17 45
2018 03 04 10 20
2018 03 04 19 32
2018 03 04 23 27
2018 03 05 06 42
2018 03 06 04 13
2018 03 06 22 21
2018 03 07 20 47
2018 03 07 21 09
2018 03 08 07 43
2018 03 08 12 19
2018 03 08 23 28
2018 03 09 01 18
2018 03 09 16 01
2018 03 10 11 48
2018 03 10 12 53
2018 03 10 17 02
2018 03 10 17 48
2018 03 11 05 32
2018 03 11 08 18
2018 03 11 23 02
2018 03 12 14 35
2018 03 12 19 23
2018 03 12 21 40
2018 03 13 00 15
2018 03 13 09 25
2018 03 13 11 13
2018 03 14 08 06
2018 03 15 11 05
2018 03 15 17 21
2018 03 16 05 14
2018 03 16 06 00
2018 03 16 08 11
2018 03 16 10 58
2018 03 17 00 46
2018 03 17 12 44
2018 03 17 17 34
2018 03 17 23 14
2018 03 18 02 35
2018 03 18 09 07
2018 03 18 09 21
2018 03 18 15 41
2018 03 19 09 36
2018 03 19 15 36
2018 03 20 03 22
2018 03 20 16 20
2018 03 21 00 10
2018 03 21 06 23
2018 03 21 15 39
2018 03 22 10 12
2018 03 22 20 51
2018 03 23 02 15
2018 03 23 02 27
2018 03 23 03 17
2018 03 23 08 34
2018 03 23 18 05
2018 03 23 21 47
2018 03 24 12 25
2018 03 24 14 32
2018 03 24 20 34
2018 03 25 12 29
2018 03 25 21 47
2018 03 26 00 41
2018 03 26 00 45
2018 03 26 14 40
2018 03 26 15 02
2018 03 26 17 15
2018 03 27 12 58
2018 03 27 13 42
2018 03 27 17 20
2018 03 27 19 41
2018 03 27 21 40
2018 03 27 22 48
2018 03 28 13 03
2018 03 28 15 52
2018 03 28 17 10
2018 04 01 22 15
2018 04 02 00 25
2018 04 02 13 58
2018 04 02 14 34
2018 04 02 19 43
2018 04 02 22 04
2018 04 03 14 28
2018 04 03 23 28
2018 04 04 09 53
2018 04 04 19 40
2018 04 04 20 56
2018 04 04 21 46
2018 04 04 22 37
2018 04 06 01 14
2018 04 06 01 27
2018 04 06 15 17
2018 04 06 17 31
2018 04 06 23 04
2018 04 07 08 29
2018 04 07 12 46
2018 04 07 12 47
2018 04 07 15 02
2018 04 08 02 31
2018 04 08 02 45
2018 04 08 10 45
2018 04 08 13 47
2018 04 08 20 21
2018 04 09 09 05
2018 04 09 10 13
2018 04 09 13 11
2018 04 09 15 31
2018 04 09 18 47
2018 04 10 00 12
2018 04 10 05 47
2018 04 10 17 14
2018 04 11 00 51
2018 04 11 03 20
2018 04 11 07 58
2018 04 11 22 31
2018 04 11 23 07
2018 04 12 01 54
2018 04 12 06 50
2018 04 12 09 06
2018 04 13 02 02
2018 04 13 22 23
2018 04 14 00 08
2018 04 14 02 02
2018 04 14 11 09
2018 04 15 05 17
2018 04 15 16 22
2018 04 15 19 59
2018 04 15 20 50
2018 04 15 22 18
2018 04 16 01 41
2018 04 17 18 59
2018 04 17 19 40
2018 04 17 23 42
2018 04 18 02 39
2018 04 18 04 04
2018 04 18 18 50
2018 04 18 20 11
2018 04 18 21 22
2018 04 19 02 49
2018 04 19 06 22
2018 04 20 05 09
2018 04 20 05 16
2018 04 20 09 15
2018 04 20 17 21
2018 04 20 22 49
2018 04 22 23 46
2018 04 23 00 31
2018 04 23 07 58
2018 04 23 13 31
2018 04 23 23 19
2018 04 24 05 16
2018 04 24 11 57
2018 04 25 00 38
2018 04 25 13 23
2018 04 26 08 01
2018 04 26 09 35
2018 04 26 22 46
2018 04 26 22 51
2018 04 27 12 00
2018 04 27 22 23
2018 04 28 04 20
2018 05 01 00 24
2018 05 01 04 55
2018 05 01 07 14
2018 05 01 13 05
2018 05 02 04 56
2018 05 02 06 14
2018 05 02 08 05
2018 05 02 17 33
2018 05 03 05 29
2018 05 03 09 42
2018 05 03 12 13
2018 05 04 02 41
2018 05 04 08 29
2018 05 04 11 05
2018 05 04 16 46
2018 05 04 17 21
2018 05 04 17 42
2018 05 05 12 14
2018 05 06 00 49
2018 05 06 04 00
2018 05 06 04 54
2018 05 06 10 12
2018 05 07 05 15
2018 05 08 01 47
2018 05 08 04 13
2018 05 08 20 38
2018 05 09 00 36
2018 05 09 02 32
2018 05 09 11 38
2018 05 09 12 49
2018 05 10 00 07
2018 05 10 03 54
2018 05 10 07 56
2018 05 10 13 45
2018 05 10 16 56
2018 05 10 18 47
2018 05 11 04 50
2018 05 11 11 05
2018 05 11 13 37
2018 05 11 18 59
2018 05 11 23 46
2018 05 12 03 27
2018 05 12 04 14
2018 05 12 04 54
2018 05 12 10 33
2018 05 12 12 22
2018 05 12 13 02
2018 05 12 19 58
2018 05 12 23 01
2018 05 13 12 25
2018 05 13 14 16
2018 05 13 14 26
2018 05 13 18 37
2018 05 14 01 53
2018 05 14 03 10
2018 05 14 03 34
2018 05 14 08 56
2018 05 14 11 13
2018 05 14 12 39
2018 05 16 03 31
2018 05 16 04 09
2018 05 16 08 48
2018 05 16 22 34
2018 05 17 02 29
2018 05 17 04 21
2018 05 17 07 39
2018 05 18 14 02
2018 05 19 08 35
2018 05 20 12 31
2018 05 20 15 51
2018 05 20 16 40
2018 05 21 00 43
2018 05 21 11 19
2018 05 21 14 36
2018 05 21 15 10
2018 05 22 08 39
2018 05 22 21 21
2018 05 22 22 44
2018 05 23 01 40
2018 05 23 08 52
2018 05 23 12 52
2018 05 23 14 49
2018 05 24 03 47
2018 05 24 21 16
2018 05 25 00 40
2018 05 25 03 08
2018 05 25 04 29
2018 05 25 10 36
2018 05 25 10 57
2018 05 25 14 37
2018 05 26 00 52
2018 05 26 09 07
2018 05 26 19 52
2018 05 26 21 50
2018 05 27 08 40
2018 05 27 20 15
2018 05 28 12 05
2018 06 01 00 44
2018 06 01 04 23
2018 06 04 08 28
2018 06 04 09 06
2018 06 04 13 26
2018 06 04 15 04
2018 06 04 16 14
2018 06 04 23 13
2018 06 06 02 56
2018 06 06 14 51
2018 06 07 01 10
2018 06 08 03 24
2018 06 08 16 16
2018 06 08 21 07
2018 06 09 06 11
2018 06 09 17 05
2018 06 09 17 19
2018 06 09 22 20
2018 06 10 08 32
2018 06 10 08 49
2018 06 10 13 37
2018 06 10 17 51
2018 06 11 09 51
2018 06 11 18 46
2018 06 12 00 38
2018 06 12 04 17
2018 06 12 09 47
2018 06 12 12 33
2018 06 12 15 54
2018 06 12 22 29
2018 06 13 05 40
2018 06 13 08 22
2018 06 14 00 25
2018 06 14 10 26
2018 06 15 07 00
2018 06 16 00 26
2018 06 16 00 55
2018 06 16 01 14
2018 06 16 20 25
2018 06 17 02 15
2018 06 18 23 12
2018 06 19 19 31
2018 06 19 21 02
2018 06 20 04 12
2018 06 20 04 28
2018 06 20 11 14
2018 06 20 19 40
2018 06 21 00 55
2018 06 21 05 10
2018 06 21 10 48
2018 06 21 19 41
2018 06 22 07 51
2018 06 22 13 37
2018 06 23 16 42
2018 06 24 02 56
2018 06 24 04 51
2018 06 24 11 04
2018 06 24 20 01
2018 06 25 19 19
2018 06 25 19 35
2018 06 25 20 14
2018 06 26 00 06
2018 06 26 09 34
2018 06 26 10 12
2018 06 26 16 32
2018 06 27 03 28
2018 06 27 16 35
2018 06 28 11 28
2018 06 28 13 59
2018 06 28 17 56
2018 06 28 22 03
2018 06 28 23 22
2018 07 01 01 10
2018 07 01 16 17
2018 07 02 00 52
2018 07 02 01 49
2018 07 02 06 06
2018 07 02 22 18
2018 07 02 23 05
2018 07 03 01 15
2018 07 04 02 51
2018 07 04 04 05
2018 07 04 08 51
2018 07 04 11 35
2018 07 05 00 17
2018 07 05 01 13
2018 07 05 05 17
2018 07 05 20 12
2018 07 05 23 44
2018 07 06 00 46
2018 07 06 06 18
2018 07 06 11 24
2018 07 06 17 49
2018 07 06 18 25
2018 07 06 22 13
2018 07 06 22 30
2018 07 07 09 58
2018 07 08 01 32
2018 07 08 03 36
2018 07 08 15 24
2018 07 09 11 58
2018 07 10 03 09
2018 07 10 14 55
2018 07 10 19 04
2018 07 10 20 50
2018 07 10 21 12
2018 07 11 09 59
2018 07 11 16 20
2018 07 11 17 58
2018 07 12 02 51
2018 07 12 18 04
2018 07 13 01 21
2018 07 13 11 36
2018 07 13 13 27
2018 07 14 00 08
2018 07 14 04 41
2018 07 14 04 57
2018 07 14 10 19
2018 07 15 20 52
2018 07 16 00 05
2018 07 16 17 12
2018 07 17 11 39
2018 07 17 12 17
2018 07 18 03 25
2018 07 18 07 51
2018 07 18 12 12
2018 07 18 12 19
2018 07 18 19 28
2018 07 18 21 11
2018 07 19 20 08
2018 07 20 06 55
2018 07 20 21 27
2018 07 20 21 52
2018 07 21 10 47
2018 07 21 11 13
2018 07 21 11 17
2018 07 22 00 48
2018 07 22 07 57
2018 07 23 08 13
2018 07 23 18 52
2018 07 23 23 51
2018 07 24 08 43
2018 07 24 13 06
2018 07 24 14 27
2018 07 24 19 14
2018 07 24 23 43
2018 07 25 01 01
2018 07 25 01 11
2018 07 25 02 47
2018 07 25 06 39
2018 07 25 07 21
2018 07 25 15 40
2018 07 26 14 16
2018 07 26 19 57
2018 07 26 22 30
2018 07 27 15 46
2018 08 01 15 48
2018 08 02 10 09
2018 08 03 17 28
2018 08 03 17 33
2018 08 04 09 18
2018 08 04 18 45
2018 08 05 06 05
2018 08 05 10 08
2018 08 05 12 43
2018 08 05 21 39
2018 08 07 06 08
2018 08 07 15 21
2018 08 07 15 28
2018 08 07 17 33
2018 08 08 20 03
2018 08 09 11 51
2018 08 09 15 08
2018 08 09 19 55
2018 08 10 13 43
2018 08 10 15 40
2018 08 10 23 32
2018 08 11 06 50
2018 08 12 02 28
2018 08 13 06 23
2018 08 13 14 38
2018 08 13 20 20
2018 08 14 13 32
2018 08 14 17 28
2018 08 14 21 24
2018 08 14 23 20
2018 08 15 08 41
2018 08 15 15 10
2018 08 15 20 30
2018 08 16 02 05
2018 08 16 04 38
2018 08 16 09 49
2018 08 17 00 22
2018 08 17 04 54
2018 08 17 10 07
2018 08 18 03 37
2018 08 18 05 51
2018 08 18 06 13
2018 08 18 22 11
2018 08 18 22 25
2018 08 19 04 40
2018 08 19 17 49
2018 08 19 20 32
2018 08 20 01 12
2018 08 20 09 45
2018 08 20 17 53
2018 08 21 14 47
2018 08 22 04 49
2018 08 22 16 52
2018 08 22 22 59
2018 08 22 23 49
2018 08 23 08 00
2018 08 23 21 29
2018 08 24 21 34
2018 08 24 22 08
2018 08 25 04 58
2018 08 25 09 45
2018 08 25 13 19
2018 08 26 06 10
2018 08 26 12 38
2018 08 26 15 40
2018 08 27 02 32
2018 08 27 03 05
2018 08 27 06 08
2018 08 27 16 00
2018 08 28 16 51
2018 09 01 00 50
2018 09 01 04 01
2018 09 01 05 08
2018 09 01 11 27
2018 09 01 11 57
2018 09 01 13 12
2018 09 03 01 47
2018 09 03 05 47
2018 09 03 11 03
2018 09 03 16 58
2018 09 03 21 53
2018 09 03 23 22
2018 09 04 02 43
2018 09 04 03 32
2018 09 04 09 37
2018 09 04 17 08
2018 09 05 01 09
2018 09 05 01 25
2018 09 05 02 58
2018 09 05 03 09
2018 09 05 08 41
2018 09 05 11 41
2018 09 05 20 50
2018 09 06 15 41
2018 09 07 14 11
2018 09 07 19 28
2018 09 08 08 50
2018 09 08 09 24
2018 09 08 13 12
2018 09 08 15 00
2018 09 08 17 13
2018 09 09 00 16
2018 09 09 13 57
2018 09 09 14 12
2018 09 09 19 07
2018 09 10 04 17
2018 09 10 05 59
2018 09 10 13 09
2018 09 10 21 51
2018 09 11 10 59
2018 09 11 14 28
2018 09 11 21 30
2018 09 12 11 18
2018 09 12 20 43
2018 09 12 22 31
2018 09 12 23 06
2018 09 13 03 41
2018 09 13 07 47
2018 09 13 15 28
2018 09 13 18 01
2018 09 13 20 16
2018 09 15 13 08
2018 09 15 16 45
2018 09 17 06 50
2018 09 17 09 14
2018 09 17 13 51
2018 09 18 04 53
2018 09 18 08 03
2018 09 18 15 24
2018 09 18 19 30
2018 09 18 20 04
2018 09 19 03 44
2018 09 19 18 07
2018 09 19 21 51
2018 09 20 03 01
2018 09 20 11 59
2018 09 21 06 03
2018 09 21 19 45
2018 09 22 03 16
2018 09 22 05 13
2018 09 22 14 28
2018 09 23 19 07
2018 09 24 03 54
2018 09 24 07 39
2018 09 24 08 35
2018 09 24 09 02
2018 09 25 05 46
2018 09 25 11 02
2018 09 25 15 57
2018 09 26 01 53
2018 09 26 13 04
2018 09 26 16 26
2018 09 26 22 14
2018 09 27 10 42
2018 09 28 04 44
2018 09 28 06 13
2018 10 01 14 55
2018 10 01 17 44
2018 10 01 18 13
2018 10 01 18 32
2018 10 01 19 50
2018 10 01 21 09
2018 10 02 12 15
2018 10 02 23 53
2018 10 04 16 13
2018 10 04 17 02
2018 10 04 22 44
2018 10 05 12 36
2018 10 06 17 07
2018 10 07 07 05
2018 10 07 08 39
2018 10 08 08 19
2018 10 08 14 31
2018 10 08 17 12
2018 10 08 18 32
2018 10 08 20 12
2018 10 08 20 51
2018 10 09 17 54
2018 10 09 18 08
2018 10 09 18 19
2018 10 09 22 19
2018 10 10 17 04
2018 10 11 06 43
2018 10 11 11 19
2018 10 12 07 21
2018 10 13 12 39
2018 10 13 18 19
2018 10 15 00 26
2018 10 15 03 46
2018 10 16 05 36
2018 10 16 09 56
2018 10 16 13 11
2018 10 17 06 13
2018 10 17 08 25
2018 10 17 11 17
2018 10 17 17 33
2018 10 18 08 08
2018 10 18 14 50
2018 10 18 14 55
2018 10 18 18 10
2018 10 19 01 56
2018 10 21 01 34
2018 10 21 04 26
2018 10 21 11 15
2018 10 21 11 48
2018 10 21 20 47
2018 10 22 10 08
2018 10 22 12 59
2018 10 22 19 23
2018 10 22 22 14
2018 10 23 02 06
2018 10 23 20 52
2018 10 24 05 38
2018 10 24 18 13
2018 10 24 22 11
2018 10 26 02 23
2018 10 26 08 28
2018 10 27 06 22
2018 10 27 11 11
2018 10 27 11 33
2018 10 28 05 38
2018 10 28 08 40
2018 10 28 13 43
2018 11 01 04 46
2018 11 01 09 10
2018 11 01 13 42
2018 11 02 00 39
2018 11 02 06 52
2018 11 02 08 56
2018 11 03 00 27
2018 11 03 02 36
2018 11 03 12 19
2018 11 03 22 35
2018 11 04 13 08
2018 11 04 23 24
2018 11 05 02 05
2018 11 05 20 52
2018 11 06 06 23
2018 11 06 18 24
2018 11 07 00 46
2018 11 07 07 37
2018 11 07 16 12
2018 11 07 17 44
2018 11 07 19 52
2018 11 08 01 46
2018 11 08 15 57
2018 11 08 22 31
2018 11 08 23 02
2018 11 09 11 56
2018 11 09 20 37
2018 11 10 20 02
2018 11 10 21 43
2018 11 10 22 40
2018 11 11 00 25
2018 11 11 08 51
2018 11 11 21 56
2018 11 12 03 22
2018 11 12 15 04
2018 11 12 18 35
2018 11 13 06 14
2018 11 13 06 43
2018 11 13 13 22
2018 11 13 15 09
2018 11 14 00 43
2018 11 14 14 47
2018 11 14 22 59
2018 11 15 19 32
2018 11 15 19 52
2018 11 16 02 48
2018 11 16 05 57
2018 11 16 19 52
2018 11 16 22 05
2018 11 17 09 40
2018 11 17 20 11
2018 11 17 20 36
2018 11 17 21 05
2018 11 18 00 46
2018 11 18 05 41
2018 11 18 06 17
2018 11 19 01 19
2018 11 19 06 35
2018 11 19 08 53
2018 11 19 09 21
2018 11 19 21 52
2018 11 20 04 43
2018 11 20 10 33
2018 11 21 13 59
2018 11 22 02 36
2018 11 22 06 11
2018 11 23 08 58
2018 11 23 12 51
2018 11 23 22 24
2018 11 24 03 14
2018 11 24 05 38
2018 11 25 10 08
2018 11 25 13 52
2018 11 25 17 28
2018 11 26 01 04
2018 11 26 12 29
2018 11 26 14 45
2018 11 27 04 58
2018 11 27 09 04
2018 11 27 13 10
2018 11 28 22 29
2018 12 01 10 24
2018 12 01 14 08
2018 12 01 21 46
2018 12 02 06 23
2018 12 02 06 56
2018 12 03 10 18
2018 12 03 20 51
2018 12 03 22 14
2018 12 04 05 49
2018 12 04 06 51
2018 12 04 07 44
2018 12 04 10 16
2018 12 04 10 57
2018 12 04 13 56
2018 12 04 22 46
2018 12 05 01 52
2018 12 05 08 12
2018 12 05 13 31
2018 12 06 00 46
2018 12 06 15 53
2018 12 06 20 55
2018 12 06 21 08
2018 12 06 22 53
2018 12 07 06 54
2018 12 07 07 15
2018 12 07 07 36
2018 12 07 11 07
2018 12 07 11 52
2018 12 07 13 33
2018 12 08 05 29
2018 12 08 06 37
2018 12 08 20 18
2018 12 08 23 06
2018 12 09 07 39
2018 12 09 16 27
2018 12 09 19 48
2018 12 09 22 50
2018 12 10 04 43
2018 12 10 06 23
2018 12 10 07 47
2018 12 10 12 04
2018 12 10 23 20
2018 12 11 13 59
2018 12 11 18 15
2018 12 12 08 05
2018 12 12 18 58
2018 12 13 15 23
2018 12 14 01 34
2018 12 14 12 14
2018 12 14 16 43
2018 12 14 22 28
2018 12 15 14 00
2018 12 16 01 46
2018 12 16 13 14
2018 12 16 15 42
2018 12 16 19 38
2018 12 16 23 20
2018 12 17 11 53
2018 12 17 17 16
2018 12 17 17 38
2018 12 18 05 59
2018 12 18 07 36
2018 12 18 11 51
2018 12 18 15 44
2018 12 18 16 24
2018 12 19 00 01
2018 12 19 00 42
2018 12 19 01 26
2018 12 19 03 08
2018 12 19 03 59
2018 12 19 09 04
2018 12 19 15 22
2018 12 19 21 58
2018 12 20 06 21
2018 12 20 15 04
2018 12 20 18 59
2018 12 21 03 56
2018 12 21 14 39
2018 12 22 04 37
2018 12 22 16 54
2018 12 22 19 35
2018 12 23 02 53
2018 12 23 06 00
2018 12 23 14 14
2018 12 23 14 38
2018 12 23 17 32
2018 12 23 18 35
2018 12 24 00 49
2018 12 24 04 00
2018 12 24 05 20
2018 12 24 15 06
2018 12 25 04 12
2018 12 26 01 19
2018 12 26 05 29
2018 12 26 08 33
2018 12 26 11 50
2018 12 26 14 38
2018 12 26 19 29
2018 12 27 04 02
2018 12 27 16 33
2018 12 27 16 57
2018 12 27 19 46
2018 12 28 03 08
2018 12 28 07 08
2018 12 28 17 43
2019 01 01 00 09
2019 01 01 01 17
2019 01 02 03 13
2019 01 02 20 08
2019 01 02 20 24
2019 01 03 11 25
2019 01 03 12 50
2019 01 03 20 27
2019 01 04 10 39
2019 01 04 15 21
2019 01 05 13 00
2019 01 06 05 37
2019 01 06 06 59
2019 01 06 07 39
2019 01 06 20 09
2019 01 07 01 21
2019 01 07 22 33
2019 01 08 10 00
2019 01 08 10 59
2019 01 08 17 48
2019 01 08 22 20
2019 01 09 05 34
2019 01 10 00 03
2019 01 10 09 44
2019 01 10 14 33
2019 01 11 21 05
2019 01 12 04 18
2019 01 12 08 30
2019 01 13 00 11
2019 01 13 19 34
2019 01 14 13 19
2019 01 15 18 50
2019 01 16 10 25
2019 01 16 16 41
2019 01 17 01 51
2019 01 17 04 22
2019 01 17 07 33
2019 01 17 07 54
2019 01 17 17 25
2019 01 18 03 24
2019 01 18 07 03
2019 01 18 16 20
2019 01 19 01 27
2019 01 19 03 10
2019 01 21 01 42
2019 01 21 04 17
2019 01 21 11 07
2019 01 21 11 45
2019 01 21 12 24
2019 01 21 22 26
2019 01 22 04 09
2019 01 22 06 30
2019 01 22 10 37
2019 01 22 14 18
2019 01 23 06 29
2019 01 23 08 00
2019 01 23 13 39
2019 01 24 21 52
2019 01 24 22 28
2019 01 25 02 17
2019 01 25 02 53
2019 01 26 04 53
2019 01 26 09 09
2019 01 27 12 32
2019 01 28 13 31
2019 01 28 17 16
2019 01 28 23 30
2019 02 01 02 09
2019 02 02 05 59
2019 02 02 07 14
2019 02 02 07 20
2019 02 02 22 10
2019 02 03 08 56
2019 02 04 01 10
2019 02 04 02 25
2019 02 04 02 28
2019 02 04 08 11
2019 02 05 01 05
2019 02 05 01 30
2019 02 05 13 08
2019 02 06 05 35
2019 02 06 06 00
2019 02 06 23 39
2019 02 07 02 31
2019 02 07 03 35
2019 02 07 15 45
2019 02 07 17 31
2019 02 08 08 24
2019 02 08 23 08
2019 02 09 04 33
2019 02 09 22 07
2019 02 10 03 21
2019 02 10 12 17
2019 02 10 15 06
2019 02 10 17 53
2019 02 10 23 42
2019 02 11 23 25
2019 02 12 04 31
2019 02 13 02 13
2019 02 13 14 45
2019 02 13 15 23
2019 02 13 16 06
2019 02 13 22 13
2019 02 13 22 23
2019 02 14 22 37
2019 02 15 02 00
2019 02 15 13 04
2019 02 15 20 02
2019 02 17 01 37
2019 02 17 03 23
2019 02 17 15 39
2019 02 17 16 30
2019 02 18 02 03
2019 02 18 02 37
2019 02 18 03 54
2019 02 18 08 20
2019 02 18 14 10
2019 02 18 19 07
2019 02 18 23 47
2019 02 19 09 28
2019 02 20 02 24
2019 02 20 02 56
2019 02 20 07 55
2019 02 20 11 26
2019 02 21 00 25
2019 02 21 11 11
2019 02 21 17 34
2019 02 22 03 48
2019 02 22 05 04
2019 02 22 13 18
2019 02 23 00 49
2019 02 23 07 40
2019 02 23 18 19
2019 02 24 00 46
2019 02 24 05 46
2019 02 24 06 15
2019 02 24 06 44
2019 02 24 15 32
2019 02 24 17 22
2019 02 24 21 59
2019 02 24 22 06
2019 02 25 08 17
2019 02 25 09 52
2019 02 25 10 26
2019 02 25 12 23
2019 02 26 06 22
2019 02 26 15 59
2019 02 27 00 39
2019 02 27 01 06
2019 02 27 09 00
2019 02 27 10 46
2019 02 28 19 43
2019 03 01 22 35
2019 03 02 09 45
2019 03 02 20 45
2019 03 03 01 29
2019 03 03 11 05
2019 03 03 16 57
2019 03 04 05 21
2019 03 04 08 36
2019 03 05 06 59
2019 03 05 19 54
2019 03 06 01 14
2019 03 06 02 21
2019 03 06 05 32
2019 03 06 09 03
2019 03 06 10 30
2019 03 06 10 38
2019 03 07 12 45
2019 03 07 22 43
2019 03 08 07 18
2019 03 09 01 41
2019 03 09 07 33
2019 03 09 14 49
2019 03 09 15 22
2019 03 09 16 26
2019 03 09 16 54
2019 03 10 00 45
2019 03 10 01 18
2019 03 10 09 05
2019 03 10 13 51
2019 03 11 02 29
2019 03 11 14 35
2019 03 11 15 10
2019 03 12 10 19
2019 03 12 16 43
2019 03 13 04 03
2019 03 14 09 23
2019 03 14 12 21
2019 03 14 12 55
2019 03 14 20 34
2019 03 14 23 28
2019 03 15 06 30
2019 03 16 08 11
2019 03 16 19 51
2019 03 17 02 56
2019 03 17 23 19
2019 03 17 23 39
2019 03 18 09 12
2019 03 18 18 20
2019 03 18 20 02
2019 03 18 20 08
2019 03 19 03 07
2019 03 20 03 36
2019 03 20 17 23
2019 03 20 19 54
2019 03 20 22 24
2019 03 21 00 35
2019 03 21 05 33
2019 03 21 15 37
2019 03 21 17 22
2019 03 22 07 29
2019 03 22 09 05
2019 03 22 17 27
2019 03 23 10 50
2019 03 23 14 14
2019 03 24 16 43
2019 03 24 18 17
2019 03 24 22 31
2019 03 25 03 43
2019 03 25 04 47
2019 03 25 23 02
2019 03 26 00 30
2019 03 26 16 49
2019 03 26 22 27
2019 03 27 01 34
2019 03 27 02 09
2019 03 27 11 17
2019 03 27 11 49
2019 03 27 18 25
2019 03 27 20 58
2019 03 28 08 37
2019 03 28 14 27
2019 03 28 15 13
2019 03 28 19 57
2019 03 28 21 23
2019 04 01 01 59
2019 04 01 18 38
2019 04 02 08 44
2019 04 03 06 12
2019 04 03 12 30
2019 04 03 14 57
2019 04 04 03 55
2019 04 05 01 03
2019 04 05 02 15
2019 04 05 04 26
2019 04 05 09 36
2019 04 05 10 36
2019 04 05 17 56
2019 04 05 19 20
2019 04 05 21 52
2019 04 06 03 45
2019 04 06 06 36
2019 04 06 17 23
2019 04 07 14 59
2019 04 08 00 52
2019 04 08 01 02
2019 04 08 09 02
2019 04 08 15 26
2019 04 08 23 30
2019 04 08 23 44
2019 04 09 00 50
2019 04 09 05 22
2019 04 09 09 12
2019 04 09 10 32
2019 04 09 17 07
2019 04 09 20 03
2019 04 10 05 27
2019 04 10 08 20
2019 04 10 09 34
2019 04 10 16 08
2019 04 10 21 57
2019 04 11 05 00
2019 04 11 05 07
2019 04 11 12 08
2019 04 12 02 11
2019 04 13 02 10
2019 04 13 05 03
2019 04 13 14 24
2019 04 14 06 55
2019 04 15 01 45
2019 04 16 11 46
2019 04 16 15 23
2019 04 17 04 59
2019 04 17 09 53
2019 04 17 19 19
2019 04 17 19 51
2019 04 17 23 57
2019 04 18 08 28
2019 04 18 12 31
2019 04 18 13 02
2019 04 18 21 01
2019 04 18 23 16
2019 04 19 02 16
2019 04 19 21 00
2019 04 20 05 03
2019 04 20 10 42
2019 04 20 12 12
2019 04 20 18 25
2019 04 20 21 05
2019 04 21 04 47
2019 04 21 15 03
2019 04 21 20 19
2019 04 22 12 56
2019 04 22 20 45
2019 04 23 17 35
2019 04 23 19 29
2019 04 23 23 27
2019 04 23 23 54
2019 04 24 02 50
2019 04 24 02 50
2019 04 24 06 32
2019 04 24 21 02
2019 04 24 22 41
2019 04 25 04 29
2019 04 25 05 25
2019 04 26 04 00
2019 04 26 07 13
2019 04 26 17 42
2019 04 27 00 59
2019 04 27 10 31
2019 04 28 07 28
2019 04 28 22 58
2019 05 01 00 13
2019 05 01 07 53
2019 05 02 10 11
2019 05 02 16 48
2019 05 03 17 02
2019 05 04 04 38
2019 05 04 09 42
2019 05 04 14 09
2019 05 05 03 28
2019 05 05 03 41
2019 05 05 03 59
2019 05 05 23 14
2019 05 06 02 04
2019 05 07 05 11
2019 05 07 15 46
2019 05 07 17 55
2019 05 07 20 19
2019 05 08 00 47
2019 05 08 10 53
2019 05 08 13 11
2019 05 08 19 18
2019 05 08 22 53
2019 05 08 23 42
2019 05 09 12 29
2019 05 09 16 55
2019 05 09 19 49
2019 05 09 23 59
2019 05 10 20 18
2019 05 10 20 39
2019 05 11 01 28
2019 05 11 10 13
2019 05 11 10 19
2019 05 11 21 27
2019 05 11 22 54
2019 05 12 17 49
2019 05 12 19 38
2019 05 13 02 06
2019 05 13 09 55
2019 05 13 15 18
2019 05 13 18 31
2019 05 14 19 41
2019 05 15 14 25
2019 05 15 15 38
2019 05 15 18 16
2019 05 15 23 19
2019 05 16 02 12
2019 05 16 02 53
2019 05 16 07 35
2019 05 16 07 45
2019 05 16 18 40
2019 05 17 03 14
2019 05 17 04 00
2019 05 17 05 14
2019 05 17 16 14
2019 05 17 23 35
2019 05 18 05 21
2019 05 18 07 49
2019 05 18 15 20
2019 05 18 23 18
2019 05 19 13 58
2019 05 19 23 30
2019 05 20 13 32
2019 05 20 17 15
2019 05 20 17 49
2019 05 20 20 45
2019 05 21 08 28
2019 05 21 09 05
2019 05 21 15 03
2019 05 21 22 35
2019 05 22 00 49
2019 05 22 03 21
2019 05 23 02 41
2019 05 23 03 18
2019 05 23 11 53
2019 05 23 22 11
2019 05 23 22 59
2019 05 24 00 33
2019 05 24 04 46
2019 05 24 12 59
2019 05 25 22 10
2019 05 26 15 29
2019 05 26 18 06
2019 05 26 19 07
2019 05 27 06 00
2019 05 27 09 03
2019 05 27 12 05
2019 05 27 13 35
2019 05 28 03 24
2019 06 01 00 55
2019 06 01 21 39
2019 06 01 21 51
2019 06 02 04 13
2019 06 02 13 25
2019 06 02 13 28
2019 06 03 17 49
2019 06 03 22 05
2019 06 04 21 29
2019 06 05 09 29
2019 06 05 18 21
2019 06 06 06 07
2019 06 07 05 36
2019 06 07 14 44
2019 06 07 15 36
2019 06 08 23 17
2019 06 09 04 46
2019 06 09 06 50
2019 06 11 09 35
2019 06 11 13 20
2019 06 12 08 46
2019 06 12 15 35
2019 06 12 17 48
2019 06 13 04 22
2019 06 13 12 02
2019 06 13 12 54
2019 06 14 10 50
2019 06 14 13 28
2019 06 14 16 30
2019 06 15 02 21
2019 06 15 06 56
2019 06 15 14 35
2019 06 15 16 48
2019 06 15 19 03
2019 06 15 19 11
2019 06 16 05 22
2019 06 16 15 38
2019 06 17 06 03
2019 06 17 12 07
2019 06 17 15 42
2019 06 18 00 46
2019 06 18 04 28
2019 06 18 05 48
2019 06 18 16 11
2019 06 18 16 49
2019 06 18 23 43
2019 06 19 00 41
2019 06 19 18 17
2019 06 20 00 01
2019 06 20 02 15
2019 06 20 07 22
2019 06 20 16 40
2019 06 20 20 42
2019 06 21 10 51
2019 06 21 16 11
2019 06 21 19 18
2019 06 21 19 26
2019 06 22 02 22
2019 06 22 18 05
2019 06 23 07 12
2019 06 23 08 13
2019 06 24 07 16
2019 06 24 07 49
2019 06 25 06 37
2019 06 25 07 02
2019 06 25 09 17
2019 06 25 16 38
2019 06 26 05 37
2019 06 27 10 11
2019 06 28 04 32
2019 07 01 00 37
2019 07 01 05 52
2019 07 01 10 24
2019 07 02 03 15
2019 07 02 06 38
2019 07 02 08 43
2019 07 03 03 12
2019 07 03 08 35
2019 07 03 08 51
2019 07 03 10 53
2019 07 03 23 36
2019 07 04 05 57
2019 07 04 13 05
2019 07 05 07 07
2019 07 06 01 21
2019 07 06 07 19
2019 07 06 15 11
2019 07 06 15 29
2019 07 06 23 35
2019 07 07 03 26
2019 07 07 11 10
2019 07 07 23 24
2019 07 08 01 28
2019 07 08 01 33
2019 07 08 05 05
2019 07 08 06 00
2019 07 08 12 03
2019 07 09 22 25
2019 07 09 23 32
2019 07 10 05 43
2019 07 10 07 01
2019 07 10 17 14
2019 07 10 23 06
2019 07 11 05 27
2019 07 12 14 52
2019 07 12 18 32
2019 07 13 00 43
2019 07 13 05 31
2019 07 13 16 45
2019 07 14 07 02
2019 07 14 12 48
2019 07 14 23 09
2019 07 15 01 28
2019 07 15 09 40
2019 07 15 23 23
2019 07 16 08 39
2019 07 16 09 27
2019 07 16 12 46
2019 07 16 12 55
2019 07 16 13 21
2019 07 16 15 10
2019 07 16 18 10
2019 07 16 20 05
2019 07 17 09 54
2019 07 18 05 50
2019 07 18 15 00
2019 07 18 17 04
2019 07 18 21 17
2019 07 19 02 30
2019 07 19 10 59
2019 07 19 15 01
2019 07 19 18 40
2019 07 19 21 49
2019 07 19 22 17
2019 07 20 09 12
2019 07 20 09 15
2019 07 20 13 13
2019 07 20 16 54
2019 07 20 20 27
2019 07 20 22 04
2019 07 21 02 59
2019 07 21 05 33
2019 07 21 12 47
2019 07 21 20 56
2019 07 21 23 19
2019 07 23 06 16
2019 07 23 15 52
2019 07 24 10 09
2019 07 24 10 42
2019 07 26 04 30
2019 07 26 07 46
2019 07 26 09 27
2019 07 26 09 45
2019 07 26 10 37
2019 07 26 12 42
2019 07 26 13 58
2019 07 26 23 14
2019 07 27 06 15
2019 07 27 16 24
2019 07 27 18 12
2019 07 27 23 42
2019 07 28 02 19
2019 07 28 04 21
2019 07 28 05 33
2019 07 28 11 30
2019 07 28 17 02
2019 07 28 17 19
2019 08 01 12 24
2019 08 01 13 36
2019 08 02 09 44
2019 08 02 10 15
2019 08 02 11 10
2019 08 02 22 10
2019 08 03 02 49
2019 08 04 06 45
2019 08 04 15 30
2019 08 04 19 30
2019 08 04 21 50
2019 08 05 13 09
2019 08 05 17 51
2019 08 05 22 47
2019 08 06 00 18
2019 08 06 18 52
2019 08 07 04 30
2019 08 07 23 56
2019 08 08 06 54
2019 08 08 08 32
2019 08 09 08 17
2019 08 09 09 54
2019 08 09 16 21
2019 08 09 22 38
2019 08 10 07 56
2019 08 10 08 26
2019 08 10 12 08
2019 08 10 17 08
2019 08 11 01 00
2019 08 11 01 52
2019 08 11 04 42
2019 08 11 09 35
2019 08 11 16 19
2019 08 12 11 13
2019 08 12 16 00
2019 08 12 19 39
2019 08 13 10 41
2019 08 13 17 12
2019 08 14 05 40
2019 08 14 08 12
2019 08 14 19 25
2019 08 14 21 50
2019 08 15 09 23
2019 08 15 09 28
2019 08 15 11 11
2019 08 15 13 10
2019 08 15 20 32
2019 08 15 21 09
2019 08 16 18 48
2019 08 16 21 39
2019 08 16 22 53
2019 08 17 08 47
2019 08 17 10 20
2019 08 18 03 07
2019 08 18 07 46
2019 08 18 08 38
2019 08 18 08 51
2019 08 18 10 32
2019 08 18 11 17
2019 08 18 11 52
2019 08 18 12 07
2019 08 18 18 37
2019 08 19 02 25
2019 08 19 09 28
2019 08 19 20 25
2019 08 20 00 46
2019 08 21 00 39
2019 08 21 03 26
2019 08 21 14 42
2019 08 22 12 39
2019 08 23 03 15
2019 08 23 18 17
2019 08 24 11 00
2019 08 24 12 49
2019 08 24 13 03
2019 08 24 16 33
2019 08 24 18 19
2019 08 24 19 02
2019 08 24 21 29
2019 08 25 00 13
2019 08 25 10 18
2019 08 25 17 50
2019 08 25 20 48
2019 08 26 06 42
2019 08 26 15 07
2019 08 27 00 45
2019 08 27 06 58
2019 08 27 11 31
2019 08 27 15 09
2019 08 28 01 37
2019 08 28 05 15
2019 08 28 08 44
2019 08 28 09 01
2019 08 28 09 51
2019 08 28 20 49
2019 09 01 00 53
2019 09 01 05 50
2019 09 01 11 15
2019 09 01 11 35
2019 09 01 13 41
2019 09 02 16 35
2019 09 03 10 41
2019 09 03 22 32
2019 09 04 02 31
2019 09 04 05 56
2019 09 04 06 35
2019 09 05 02 06
2019 09 05 15 36
2019 09 06 09 55
2019 09 06 23 25
2019 09 07 09 31
2019 09 07 09 53
2019 09 07 11 39
2019 09 07 12 26
2019 09 08 11 11
2019 09 08 11 13
2019 09 08 13 17
2019 09 08 15 13
2019 09 09 06 16
2019 09 09 18 44
2019 09 09 23 20
2019 09 10 03 00
2019 09 10 04 42
2019 09 11 08 41
2019 09 11 15 18
2019 09 11 18 35
2019 09 12 14 24
2019 09 12 19 37
2019 09 13 05 34
2019 09 13 06 13
2019 09 13 22 35
2019 09 14 06 22
2019 09 14 17 05
2019 09 14 19 56
2019 09 14 19 57
2019 09 15 04 16
2019 09 16 01 22
2019 09 16 03 58
2019 09 16 08 26
2019 09 16 12 07
2019 09 16 12 25
2019 09 17 14 52
2019 09 18 04 39
2019 09 18 08 56
2019 09 18 18 46
2019 09 18 22 56
2019 09 19 02 44
2019 09 19 09 39
2019 09 19 12 00
2019 09 19 21 36
2019 09 20 01 16
2019 09 20 05 35
2019 09 20 05 42
2019 09 20 13 19
2019 09 20 16 01
2019 09 20 16 25
2019 09 21 01 15
2019 09 21 09 32
2019 09 23 08 50
2019 09 23 09 00
2019 09 23 09 18
2019 09 23 13 00
2019 09 23 19 27
2019 09 23 22 11
2019 09 24 04 35
2019 09 24 10 35
2019 09 24 19 06
2019 09 25 17 11
2019 09 26 01 49
2019 09 26 04 08
2019 09 26 16 58
2019 09 27 02 29
2019 09 27 06 52
2019 09 27 09 42
2019 09 27 12 13
2019 10 01 01 29
2019 10 01 02 14
2019 10 01 05 59
2019 10 01 16 02
2019 10 03 03 12
2019 10 03 07 09
2019 10 03 13 37
2019 10 03 17 34
2019 10 04 07 49
2019 10 06 00 38
2019 10 06 09 15
2019 10 06 18 51
2019 10 07 01 47
2019 10 07 08 39
2019 10 07 14 19
2019 10 07 20 05
2019 10 07 23 23
2019 10 09 05 20
2019 10 09 16 46
2019 10 11 20 13
2019 10 13 04 06
2019 10 13 04 24
2019 10 13 08 53
2019 10 13 09 33
2019 10 13 19 07
2019 10 14 05 57
2019 10 14 08 12
2019 10 14 10 47
2019 10 14 13 50
2019 10 14 16 09
2019 10 15 00 25
2019 10 15 02 06
2019 10 16 05 46
2019 10 16 08 13
2019 10 16 23 48
2019 10 17 05 18
2019 10 17 07 24
2019 10 17 11 20
2019 10 18 00 11
2019 10 18 19 47
2019 10 19 03 02
2019 10 19 03 51
2019 10 19 05 59
2019 10 19 16 08
2019 10 20 19 43
2019 10 20 21 41
2019 10 20 21 45
2019 10 22 02 56
2019 10 22 10 44
2019 10 22 14 24
2019 10 22 19 03
2019 10 22 21 24
2019 10 22 22 14
2019 10 23 06 27
2019 10 23 22 54
2019 10 24 04 39
2019 10 24 06 02
2019 10 24 08 23
2019 10 24 12 14
2019 10 24 15 23
2019 10 25 00 21
2019 10 25 04 48
2019 10 25 18 23
2019 10 25 22 32
2019 10 26 00 43
2019 10 26 06 44
2019 10 27 02 52
2019 10 27 11 31
2019 10 27 20 28
2019 10 27 22 27
2019 10 28 04 40
2019 10 28 20 40
2019 11 01 04 53
2019 11 01 09 14
2019 11 03 03 14
2019 11 04 21 13
2019 11 05 00 17
2019 11 05 15 49
2019 11 06 07 10
2019 11 06 18 51
2019 11 07 04 20
2019 11 07 14 14
2019 11 07 14 20
2019 11 07 18 16
2019 11 07 23 59
2019 11 08 18 34
2019 11 09 14 28
2019 11 09 21 13
2019 11 10 23 14
2019 11 11 01 39
2019 11 11 04 49
2019 11 11 09 41
2019 11 11 23 36
2019 11 12 03 46
2019 11 12 10 38
2019 11 12 18 05
2019 11 13 05 59
2019 11 15 03 02
2019 11 15 03 23
2019 11 15 05 00
2019 11 15 10 09
2019 11 15 19 47
2019 11 16 23 48
2019 11 17 04 25
2019 11 17 11 12
2019 11 17 13 03
2019 11 17 18 14
2019 11 18 02 21
2019 11 18 14 05
2019 11 18 15 56
2019 11 19 09 43
2019 11 19 10 00
2019 11 19 11 47
2019 11 19 18 09
2019 11 20 02 45
2019 11 20 03 33
2019 11 20 05 27
2019 11 21 02 27
2019 11 21 10 58
2019 11 21 12 50
2019 11 22 02 10
2019 11 22 03 55
2019 11 22 11 56
2019 11 23 13 02
2019 11 24 02 57
2019 11 24 10 19
2019 11 24 13 14
2019 11 25 12 46
2019 11 25 15 56
2019 11 25 20 37
2019 11 25 22 54
2019 11 26 07 20
2019 11 26 12 43
2019 11 26 21 48
2019 11 26 23 57
2019 11 28 01 58
2019 12 01 05 33
2019 12 01 19 20
2019 12 01 20 06
2019 12 02 03 29
2019 12 02 12 04
2019 12 02 13 27
2019 12 02 19 15
2019 12 03 00 41
2019 12 03 06 27
2019 12 04 09 00
2019 12 04 10 42
2019 12 04 11 34
2019 12 05 11 25
2019 12 05 17 44
2019 12 06 07 37
2019 12 06 19 11
2019 12 07 03 41
2019 12 07 05 48
2019 12 07 14 11
2019 12 07 19 44
2019 12 08 11 28
2019 12 08 12 59
2019 12 08 15 01
2019 12 08 17 25
2019 12 08 23 09
2019 12 09 17 42
2019 12 10 00 33
2019 12 10 20 55
2019 12 11 00 44
2019 12 11 06 12
2019 12 11 11 54
2019 12 11 13 11
2019 12 11 15 20
2019 12 11 17 17
2019 12 12 00 04
2019 12 12 00 33
2019 12 12 17 07
2019 12 13 03 21
2019 12 13 06 42
2019 12 13 14 18
2019 12 13 15 47
2019 12 13 16 02
2019 12 14 06 24
2019 12 14 07 31
2019 12 14 13 39
2019 12 14 23 05
2019 12 16 00 18
2019 12 16 10 31
2019 12 16 21 55
2019 12 17 18 04
2019 12 17 18 51
2019 12 18 09 22
2019 12 18 09 35
2019 12 18 13 32
2019 12 18 15 18
2019 12 18 21 17
2019 12 19 04 47
2019 12 20 05 28
2019 12 21 03 42
2019 12 21 07 13
2019 12 21 13 03
2019 12 21 15 22
2019 12 21 17 47
2019 12 22 12 09
2019 12 22 15 02
2019 12 22 17 02
2019 12 22 20 04
2019 12 22 20 21
2019 12 23 02 18
2019 12 23 09 54
2019 12 24 00 29
2019 12 24 07 12
2019 12 24 10 44
2019 12 24 13 34
2019 12 24 14 22
2019 12 25 04 04
2019 12 25 23 40
2019 12 26 02 46
2019 12 26 11 16
2019 12 27 01 41
2019 12 27 09 36
2019 12 27 12 40
2019 12 27 15 06
2019 12 27 21 34
2019 12 27 22 09
2019 12 28 04 13
2019 12 28 07 53
2019 12 28 07 58
